NaCl_1hour	NaCl_24hours
11.04220641	5.676278255
10.69743963	4.552722245
9.570042196	4.499949421
9.415153156	4.464340477
7.953337166	4.094374135
7.906431947	3.625260703
7.570834458	3.582025869
7.423800987	3.53767421
7.14140991	3.102096894
7.04249053	3.089388215
6.761121921	2.894633828
6.453487995	2.606377089
6.257001532	2.606377089
6.126872123	2.481212475
6.106141997	2.367551123
6.019704946	2.365943188
5.922468027	2.344027752
5.922468027	2.343273724
5.914593181	2.343112572
5.786937396	2.341046766
5.723691756	2.261671154
5.46262708	2.246447162
5.171162706	2.232899472
5.150075466	2.213367741
5.116593368	2.165978049
5.108711826	2.081971271
5.026746659	2.051201913
4.997377383	2.042656083
4.992476305	2.021275276
4.981527662	1.970405117
4.855970203	1.969849934
4.730043217	1.928126765
4.664079355	1.918106742
4.646118801	1.904163218
4.644535324	1.890302274
4.576272397	1.84917948
4.567285133	1.828519532
4.530062088	1.819179266
4.46776078	1.7766531
4.44501636	1.75775218
4.441414538	1.73542743
4.406054585	1.721849124
4.376340726	1.721166884
4.30725165	1.704723121
4.283619659	1.684354401
4.222685328	1.684227081
4.211201574	1.683909687
4.162048961	1.673032578
4.153609285	1.615899632
4.112354807	1.606369757
4.107742628	1.598976554
4.099421189	1.592087899
4.062188615	1.580256496
4.03581036	1.575947388
4.022416344	1.565623003
3.996466729	1.538658013
3.991687053	1.531912403
3.983440856	1.529235008
3.97968879	1.529082945
3.955653843	1.524466707
3.952621511	1.519899827
3.952437556	1.513215282
3.950153203	1.500975057
3.946628727	1.481587859
3.938206664	1.481090007
3.922796189	1.463563384
3.871827649	1.409833108
3.867857453	1.400762747
3.867425244	1.389073333
3.865498688	1.378866137
3.83926619	1.374922649
3.81154583	1.373099588
3.760994844	1.369225125
3.760994844	1.367241205
3.737261979	1.364474429
3.726189252	1.363004312
3.680307562	1.353505255
3.677862844	1.343092705
3.66889243	1.343056969
3.60909618	1.335596899
3.58853549	1.320302684
3.556392347	1.307501995
3.552313931	1.306661338
3.51622609	1.294373229
3.502784683	1.292425821
3.501502991	1.289938691
3.501458347	1.286678636
3.488494584	1.278000624
3.469776303	1.274480404
3.460473713	1.269276383
3.41514854	1.269000705
3.372799744	1.264176304
3.365358021	1.259448074
3.360531323	1.254115919
3.354205424	1.252321504
3.354205424	1.243763848
3.354205424	1.231830412
3.323211482	1.228465743
3.321156768	1.224285602
3.305916313	1.223200241
3.287754766	1.217599411
3.274580791	1.216687133
3.265718717	1.21135382
3.245346189	1.191833252
3.235901781	1.191273942
3.225883283	1.190188042
3.22287807	1.18780467
3.222615745	1.179058236
3.21947687	1.176635375
3.201987665	1.162329071
3.122473268	1.158839671
3.108140902	1.153705565
3.106636482	1.152252587
3.085687638	1.150612276
3.067950303	1.150284343
3.063652893	1.148538626
3.054265667	1.147610913
3.00958368	1.142959565
3.001016197	1.142723805
2.958999537	1.141038579
2.938938613	1.1402772
2.932921404	1.129075534
2.905640968	1.125848481
2.874666598	1.120328163
2.873503277	1.118485694
2.847332237	1.111546997
2.830282914	1.110685241
2.828656868	1.108797389
2.827980571	1.108770168
2.826513451	1.105498898
2.825502151	1.091515914
2.815782106	1.086309554
2.813121679	1.082592449
2.786998085	1.080391318
2.784569774	1.07628476
2.770515652	1.074405734
2.768771011	1.073217746
2.752442392	1.046867797
2.743821246	1.042590187
2.740405841	1.041988489
2.72994598	1.040199328
2.721056605	1.037430959
2.719168494	1.030013544
2.710216808	1.028582075
2.710216808	1.021752799
2.691790905	1.021440524
2.688316836	1.020177882
2.688267805	1.015282232
2.679945078	1.002240076
2.654184308	1.001195385
2.646069832	0.999369336
2.638086139	0.998710152
2.625841249	0.991015523
2.59887412	0.986572653
2.589802268	0.984905923
2.574418505	0.984766476
2.569398746	0.984352896
2.568367492	0.984281263
2.563774301	0.982148721
2.563421052	0.979613545
2.550733819	0.975569172
2.537054879	0.975511353
2.530801635	0.968878873
2.530728811	0.966468078
2.529019197	0.964690487
2.523381858	0.959144214
2.520882087	0.957586459
2.520610279	0.956105892
2.509607338	0.953164448
2.508370425	0.950385041
2.500231528	0.948462024
2.493148244	0.947330369
2.483243284	0.944009464
2.478432645	0.94388664
2.474196822	0.935954726
2.452183801	0.928218286
2.435116791	0.921523238
2.429877653	0.920827183
2.427869072	0.920196564
2.41917347	0.919047093
2.41901453	0.915014378
2.415640104	0.914400769
2.415498252	0.910852921
2.415326936	0.907982459
2.41524305	0.905913113
2.409245174	0.905873466
2.388472015	0.904160669
2.367402099	0.903632207
2.354026504	0.901946757
2.350652411	0.900546463
2.350383721	0.898664806
2.345905744	0.895800123
2.337243172	0.895799181
2.335534828	0.895757527
2.332794531	0.895578831
2.326854524	0.893940775
2.32212341	0.8892872
2.296340114	0.886403244
2.289582026	0.885580164
2.286457676	0.884638076
2.279567929	0.879379032
2.273233055	0.879260667
2.273002636	0.878162056
2.272361261	0.876055483
2.261624986	0.871448779
2.251199885	0.869709498
2.249241547	0.86941207
2.24348882	0.868060536
2.23770371	0.862768173
2.226021728	0.855893823
2.222648945	0.851118724
2.222625546	0.850481352
2.222576709	0.847331659
2.208763822	0.846517965
2.200404004	0.830251376
2.194048352	0.829071062
2.187066321	0.828899701
2.186177553	0.828821804
2.158420471	0.828817517
2.152211025	0.828713323
2.15136465	0.828690843
2.135678999	0.828618867
2.117452946	0.8285856
2.115780874	0.828468515
2.113743838	0.828462639
2.112345696	0.828462639
2.106634973	0.823314326
2.101720565	0.821951063
2.100755029	0.818199135
2.092609574	0.816530866
2.0911705	0.812546813
2.084057653	0.809837311
2.082681399	0.8094349
2.072508469	0.800795158
2.060437697	0.795598096
2.042692101	0.793508811
2.042191799	0.792950475
2.037894154	0.78706883
2.025439074	0.785413427
2.024336385	0.783148451
2.020136991	0.781778658
2.020134605	0.780388995
2.018126661	0.774506891
2.015441452	0.771891922
2.005459224	0.771414888
2.00332579	0.768847111
2	0.768654689
1.996535189	0.768593949
1.992820835	0.76783559
1.975551704	0.766677853
1.974828805	0.763480128
1.969747716	0.758311223
1.966157901	0.758311223
1.96596701	0.757764965
1.965383991	0.753130414
1.962138501	0.747207074
1.961735841	0.747168887
1.961460783	0.74393631
1.955304946	0.742552521
1.949076894	0.73986931
1.946071689	0.735603236
1.931851313	0.73535412
1.914617939	0.72620775
1.894680542	0.723615115
1.890889354	0.721860994
1.887926284	0.721779579
1.882902708	0.718858126
1.882416387	0.718060486
1.873206019	0.717358391
1.857732206	0.717058166
1.856978048	0.710183552
1.856977668	0.708357665
1.855808553	0.703520031
1.852665703	0.699529432
1.852661007	0.699425168
1.852469961	0.691243857
1.848778913	0.691073303
1.846741091	0.688570249
1.844106394	0.687595565
1.834563497	0.687278876
1.831089138	0.684639152
1.830500259	0.684417889
1.830397915	0.684385402
1.830049404	0.683357875
1.8293941	0.679569807
1.827235168	0.675163814
1.826032691	0.674243224
1.821204757	0.66586017
1.809358128	0.664883838
1.802487842	0.660753157
1.798420393	0.658895121
1.79179403	0.654056517
1.791193631	0.653651336
1.789682796	0.649608533
1.784492892	0.645812665
1.784482631	0.643249594
1.784072638	0.639001168
1.776104381	0.634205578
1.772398754	0.628031223
1.766869525	0.626208697
1.763931088	0.621586909
1.761122141	0.620367133
1.761016933	0.619598382
1.752523694	0.618431563
1.744641579	0.614859292
1.74092097	0.610659649
1.740637422	0.60988038
1.740413662	0.609731632
1.739385271	0.608759071
1.737283159	0.606352831
1.71741732	0.606342986
1.71583086	0.606341613
1.714232791	0.606278248
1.70567807	0.606253863
1.704783679	0.606151945
1.702228429	0.606072386
1.69896608	0.601061516
1.696380995	0.598401055
1.695510595	0.597377879
1.69405682	0.596811612
1.690982568	0.594665499
1.688314098	0.59442649
1.681742201	0.5862054
1.676206596	0.585630758
1.676156172	0.58490748
1.673281116	0.583436873
1.664736709	0.582312935
1.660734144	0.580909714
1.654540642	0.576275604
1.645847452	0.574317811
1.63763943	0.572781961
1.625089463	0.572781961
1.623641167	0.572781961
1.622580454	0.571830722
1.622223121	0.571607725
1.620963475	0.570807501
1.618892297	0.567524021
1.616628129	0.566624979
1.616018756	0.565282348
1.612821861	0.565161359
1.60859181	0.564547864
1.601890786	0.564338443
1.601674597	0.564338443
1.600459352	0.564338443
1.596816865	0.564338443
1.591559254	0.563664229
1.586181999	0.560484743
1.585970301	0.560379709
1.584287602	0.557390059
1.583163199	0.55596176
1.582055203	0.555744999
1.573666738	0.554749263
1.572475493	0.552722164
1.567247857	0.551897674
1.562738228	0.55002092
1.56239596	0.544713609
1.562337452	0.540885514
1.55924706	0.54078131
1.557987991	0.539315327
1.557379746	0.536251695
1.557053414	0.535921494
1.556321814	0.534743503
1.556101089	0.53231907
1.552545834	0.529501218
1.550206412	0.529161159
1.545483371	0.527247003
1.540390537	0.524412237
1.539297705	0.523509924
1.534553437	0.522606349
1.533900036	0.519974951
1.53389574	0.51694627
1.528883627	0.515329082
1.527742395	0.510454419
1.526751163	0.509642951
1.515060391	0.509352986
1.511474942	0.508331457
1.505642952	0.507876733
1.504948416	0.506744902
1.502166462	0.50673619
1.499071586	0.506506545
1.498301115	0.504423095
1.497703498	0.503288715
1.487365068	0.501751671
1.486346701	0.50134524
1.477634813	0.499442515
1.475976004	0.499381128
1.46894359	0.499370766
1.464468087	0.497385967
1.462540398	0.49697576
1.462537741	0.496074027
1.461718389	0.495233808
1.460918152	0.494634487
1.441510057	0.494346584
1.431305734	0.492688666
1.42406088	0.488954434
1.419602024	0.488948386
1.415654959	0.488801056
1.4154735	0.48606199
1.415263185	0.485106511
1.415261604	0.484538116
1.415260022	0.483877526
1.411863128	0.481090007
1.408867956	0.480822171
1.400687902	0.480815407
1.397037013	0.480795186
1.390097114	0.480793916
1.385811741	0.480745968
1.372786171	0.480687179
1.360755249	0.480596229
1.356233091	0.478996345
1.354490116	0.476952849
1.353822772	0.47626568
1.353534801	0.474148804
1.352077409	0.474053648
1.351776241	0.473091548
1.34974968	0.471345855
1.349172366	0.470581677
1.348756149	0.468449606
1.348132229	0.466888915
1.344873575	0.464288167
1.342796359	0.461921171
1.33968437	0.459733103
1.335445761	0.458797462
1.334756317	0.455781014
1.334717869	0.454664954
1.333361678	0.454300803
1.332921808	0.454224872
1.332798046	0.453567025
1.332792784	0.450481721
1.332017832	0.449245732
1.325266831	0.444553625
1.322183266	0.442116154
1.320866318	0.44082781
1.315507203	0.438200443
1.313115278	0.438031105
1.312228157	0.436602849
1.309069337	0.436427829
1.303794028	0.436399891
1.303432054	0.435954844
1.28644119	0.433975116
1.286348035	0.433343389
1.285929231	0.432779999
1.285128469	0.432637142
1.282639994	0.431998963
1.281401521	0.426981765
1.278586038	0.424017772
1.277558422	0.42352103
1.274165608	0.423511333
1.27115956	0.423440284
1.270911714	0.423042479
1.270132487	0.421511861
1.263247572	0.419978241
1.263090271	0.419877078
1.262663458	0.419057389
1.261997879	0.418626361
1.261932046	0.417599164
1.259154028	0.41371843
1.253517094	0.413701844
1.252287264	0.411705389
1.252287264	0.410468138
1.252287264	0.410107687
1.251811591	0.409978938
1.250392489	0.409606118
1.249467084	0.409308544
1.248495222	0.406044406
1.244097186	0.405052068
1.24347983	0.403592172
1.239094795	0.403356328
1.238647299	0.400981495
1.238138542	0.399860792
1.231638735	0.39574388
1.225468554	0.392361204
1.222601009	0.39032697
1.221337876	0.389804185
1.221337876	0.388038999
1.217358296	0.385367806
1.216268176	0.382818237
1.214054293	0.382805335
1.211996826	0.381260824
1.211926151	0.381193447
1.211101154	0.381085952
1.209313872	0.380594424
1.208766914	0.378883089
1.208766914	0.378822384
1.204929972	0.375890186
1.200929133	0.375564476
1.196478634	0.375300039
1.195511004	0.374971051
1.193047583	0.373880804
1.192942062	0.373626499
1.192102951	0.37186747
1.191571047	0.371441886
1.191571047	0.371315515
1.191571047	0.370007694
1.191571047	0.363458471
1.191571047	0.360567361
1.191571047	0.360049701
1.191571047	0.358478485
1.182103345	0.356734476
1.177751546	0.35592697
1.176828323	0.355897378
1.17672725	0.353562633
1.173444065	0.351991553
1.170767388	0.351754351
1.167411501	0.350284019
1.165825683	0.349231161
1.164706504	0.349110626
1.163714533	0.348255835
1.161949956	0.346899541
1.160596416	0.343536786
1.159233955	0.343341974
1.152306149	0.343311531
1.152262315	0.343284622
1.152236615	0.343276208
1.152193637	0.343271945
1.152188326	0.34326379
1.152157455	0.343263693
1.152147645	0.34324497
1.152137918	0.343225792
1.152112717	0.343221511
1.147834735	0.343221101
1.13904025	0.343219457
1.1361015	0.343202214
1.134058468	0.343092705
1.13383891	0.342824466
1.132877277	0.34089266
1.131514122	0.340738281
1.131514122	0.335852105
1.125598799	0.332943077
1.125598799	0.328934117
1.121522663	0.327848647
1.118858967	0.327016972
1.117628714	0.323506908
1.117628714	0.321713019
1.115694642	0.320869125
1.111853757	0.32000873
1.110379476	0.319054772
1.109852994	0.31851343
1.109625894	0.318289007
1.106528423	0.317907945
1.099995488	0.317286997
1.098444843	0.316837936
1.094495262	0.316006122
1.088430939	0.315530887
1.088165054	0.314709336
1.087759109	0.312562697
1.083096687	0.311452064
1.080443288	0.31143506
1.079780886	0.310690199
1.078173904	0.309587316
1.07422498	0.309393665
1.064087547	0.308650086
1.063783913	0.306751587
1.063706643	0.306729909
1.059503445	0.30672809
1.058428035	0.306602368
1.057092884	0.30655046
1.054746696	0.306233214
1.053051122	0.306151566
1.052661477	0.305477104
1.049506403	0.30465416
1.045341548	0.304070224
1.045312214	0.303609285
1.042226354	0.301639401
1.037761119	0.301538081
1.037448038	0.301476337
1.037440984	0.301434967
1.036651248	0.3012047
1.036141182	0.3008452
1.035226481	0.294391779
1.031690335	0.291777023
1.030479089	0.291242412
1.026453342	0.28993588
1.025714297	0.288993868
1.023241968	0.288932099
1.022937828	0.288378427
1.022930282	0.287055719
1.021433736	0.285979274
1.019438771	0.285335748
1.018722235	0.284429271
1.013510103	0.283955045
1.009875362	0.282823694
1.009346743	0.281855062
1.008340502	0.281457872
1.007490166	0.281358255
1.004172979	0.281204362
1.003925662	0.280107919
1.000178939	0.280092829
1	0.278940831
1	0.277683309
0.99708713	0.276286975
0.996703415	0.276160815
0.992847645	0.274536591
0.992108653	0.273540407
0.989942555	0.273048581
0.989489008	0.272952875
0.988652506	0.27132672
0.988490481	0.27043752
0.988490481	0.269117458
0.98599457	0.268835288
0.985009023	0.268795682
0.982810146	0.267984868
0.982303461	0.267502854
0.981932113	0.266834623
0.979900665	0.266679748
0.979900665	0.265981528
0.979900665	0.265960892
0.979900665	0.262365579
0.979900665	0.261773066
0.977140352	0.258469354
0.977109204	0.256547534
0.97661511	0.25527173
0.97267808	0.255141922
0.972524393	0.255139278
0.972524393	0.251987508
0.972524393	0.247356361
0.972217823	0.246893514
0.971277151	0.24454866
0.970060786	0.24381468
0.969516468	0.243749974
0.967795034	0.243736815
0.967794247	0.240981086
0.963099725	0.239248251
0.96066933	0.236949328
0.959627318	0.236843869
0.955970849	0.236663263
0.955843936	0.235677794
0.951589275	0.234692016
0.951528713	0.233103025
0.95019322	0.232834168
0.949922957	0.232464023
0.947998013	0.23223834
0.94602796	0.231013489
0.945002723	0.230789642
0.9449709	0.230573389
0.943595332	0.230469775
0.943315307	0.229386135
0.941320184	0.228306891
0.939066642	0.227780224
0.938804941	0.225850741
0.936663201	0.225696554
0.936376083	0.223004192
0.934630038	0.22297393
0.934255336	0.222961173
0.934122216	0.222686872
0.933815408	0.22197551
0.933486956	0.221729764
0.933341272	0.221308194
0.929997402	0.218471437
0.929792341	0.218248422
0.928226579	0.217771379
0.923434627	0.217487069
0.922604213	0.216768206
0.920654389	0.216596986
0.919202918	0.215506894
0.917778002	0.214718289
0.915491964	0.214663371
0.913045639	0.214435286
0.911666698	0.214103892
0.911216583	0.21392789
0.911201396	0.211522518
0.904175669	0.211163816
0.903916784	0.210190173
0.9035474	0.209740724
0.900683221	0.209297285
0.900208999	0.205798571
0.898523978	0.205745011
0.89343024	0.204237161
0.889190864	0.202677661
0.885611352	0.200440099
0.884375907	0.199800964
0.882457214	0.199744684
0.881639678	0.19436766
0.88102187	0.193843719
0.875105742	0.192655917
0.874702234	0.192211617
0.874688203	0.191401554
0.872352302	0.19128443
0.872062423	0.1912741
0.868408101	0.191265324
0.867754575	0.191207716
0.862039866	0.189885375
0.861375727	0.189713648
0.861280994	0.187614359
0.860013671	0.18559711
0.85869942	0.185513752
0.856165612	0.185239476
0.855169007	0.183687688
0.852122684	0.183686993
0.846841984	0.183615422
0.843110737	0.183548656
0.837338606	0.182618032
0.837075867	0.181697863
0.836505926	0.180866076
0.833705066	0.177858437
0.830972811	0.177853273
0.830500259	0.177853273
0.830482943	0.177812368
0.830375529	0.177393457
0.830375029	0.176620408
0.830372063	0.176219648
0.830292267	0.175974923
0.830254443	0.174973209
0.828483475	0.174463608
0.827256401	0.173938401
0.826056399	0.173330722
0.825406852	0.171896129
0.82438256	0.166902995
0.824285597	0.166053683
0.823658788	0.16573433
0.823142339	0.164987053
0.819609358	0.16468541
0.819591859	0.164314695
0.817649577	0.164202321
0.817615115	0.162725092
0.814566904	0.162679389
0.814205925	0.162204053
0.810746714	0.161807773
0.808429444	0.161173783
0.804336457	0.159921366
0.804160976	0.159920587
0.801437272	0.15917775
0.799919118	0.158892694
0.797340145	0.158849129
0.797310854	0.158829472
0.793950336	0.158794438
0.793710222	0.158754135
0.793592969	0.158629693
0.791815596	0.157911663
0.791361244	0.1577444
0.790950131	0.156596056
0.790204904	0.156533357
0.788820981	0.156167932
0.788669111	0.155063821
0.787640466	0.153943858
0.786867368	0.153501939
0.784614184	0.152931946
0.784415506	0.15224013
0.783367287	0.151353849
0.78261353	0.150730683
0.780800913	0.150612751
0.779666351	0.150581018
0.774134488	0.147570218
0.772998489	0.14701807
0.772585677	0.14701807
0.772177117	0.14701807
0.77141595	0.14701807
0.771227008	0.14701807
0.767865442	0.146958462
0.767360351	0.146868028
0.767054969	0.146576443
0.764052896	0.145065917
0.762670703	0.143968733
0.758728213	0.143968733
0.758448267	0.143425003
0.758378477	0.142847676
0.757054621	0.142738598
0.752494372	0.142362768
0.747819854	0.142242577
0.746752235	0.140377073
0.746170413	0.140329914
0.741904889	0.140260511
0.740848346	0.139173932
0.737184536	0.138861457
0.737170453	0.136838133
0.737135713	0.136811409
0.735503564	0.136804908
0.735445596	0.136014473
0.735433616	0.13574114
0.734824768	0.135602848
0.734713786	0.134963733
0.731265858	0.13468072
0.727159246	0.134616728
0.724057228	0.13429213
0.723379187	0.134236879
0.720415263	0.134190449
0.718859876	0.134159461
0.717828367	0.130892846
0.71775904	0.130795568
0.716483097	0.130256386
0.71641084	0.129885269
0.714927126	0.129074821
0.714369643	0.129074821
0.709527981	0.128240268
0.705029072	0.127965032
0.70456082	0.127441505
0.702168208	0.126969571
0.700030942	0.125679996
0.697960786	0.125176104
0.697493699	0.124632716
0.697244586	0.123978988
0.696790124	0.123762055
0.690889334	0.122869125
0.690885458	0.122324462
0.685680605	0.122159269
0.684846081	0.120875328
0.68362283	0.120871497
0.683114687	0.120074188
0.682527844	0.118958501
0.680147377	0.118198411
0.679956235	0.11614231
0.679789073	0.116003146
0.679731682	0.115808138
0.67838063	0.114926753
0.6775733	0.114219693
0.676726652	0.114143261
0.676377483	0.113451712
0.672698691	0.112339942
0.672333379	0.112068871
0.671603966	0.110197464
0.666790259	0.10929673
0.662336958	0.108915792
0.662109045	0.108901376
0.65858391	0.108830115
0.650757489	0.108792192
0.650459744	0.108718607
0.649747	0.108595225
0.645700775	0.108491131
0.645557064	0.107796164
0.645547631	0.107642131
0.64511687	0.105394249
0.644135589	0.104741093
0.642678643	0.104026682
0.64086005	0.103767177
0.637672942	0.103091931
0.637642709	0.102561851
0.637627037	0.10222563
0.637586523	0.100996974
0.637434102	0.100807373
0.637099171	0.099302343
0.628063113	0.097967684
0.623182247	0.097813584
0.619161903	0.097608893
0.614923374	0.097262654
0.602875696	0.094864352
0.602079415	0.094164142
0.601590304	0.094012943
0.601556659	0.093562411
0.599669596	0.093440154
0.598876037	0.093139643
0.595869919	0.092244934
0.594205837	0.092163958
0.593852772	0.091803119
0.592793138	0.091429413
0.589498906	0.090504034
0.587459212	0.090227794
0.587020645	0.089810235
0.585045455	0.089308371
0.585002386	0.088955618
0.584962501	0.088915268
0.584776836	0.087808994
0.580317437	0.087727907
0.579881008	0.087075557
0.579190736	0.08692927
0.579085305	0.086798394
0.575719889	0.086660264
0.574945687	0.086325286
0.572536914	0.083965747
0.567413029	0.083637884
0.567316722	0.083635878
0.567310606	0.082202753
0.567295764	0.081000274
0.565946758	0.080648306
0.563839566	0.077846689
0.560966598	0.077694916
0.560873077	0.076419684
0.558151023	0.076313211
0.557653653	0.076187419
0.557128711	0.075840795
0.557013817	0.075339823
0.555567074	0.073382843
0.552760965	0.072904657
0.547452421	0.072666775
0.546028423	0.072025162
0.542489056	0.070077888
0.542322498	0.070004547
0.541449145	0.069718267
0.538103885	0.06881934
0.532090227	0.068634215
0.53073887	0.067814778
0.53058257	0.067633966
0.525742759	0.066705158
0.525487243	0.065936509
0.523610905	0.065708462
0.522164618	0.064489505
0.522066493	0.063751227
0.521676762	0.063377344
0.521049117	0.063027021
0.519787643	0.062468798
0.518358872	0.061664667
0.517625459	0.061550946
0.517168419	0.060883812
0.516496904	0.060883812
0.516240957	0.060865786
0.512820808	0.060223629
0.508364079	0.060066253
0.508344345	0.058830811
0.507615712	0.058044507
0.505593475	0.057916206
0.505493541	0.057165271
0.504642303	0.057029934
0.502661742	0.056520686
0.496428594	0.055521917
0.494112959	0.054610946
0.494064602	0.053767368
0.493869724	0.053766415
0.487839979	0.051867288
0.48611164	0.051102763
0.48458625	0.051086147
0.48367384	0.050406199
0.482373734	0.050008426
0.482341222	0.049941839
0.482320564	0.04970663
0.479230444	0.047818404
0.477752562	0.046915133
0.477467722	0.046835721
0.476883961	0.046458528
0.476387313	0.045531272
0.474923457	0.043715617
0.47415854	0.041691353
0.472395469	0.04158785
0.46774794	0.041254217
0.464173921	0.041053654
0.462547663	0.038359437
0.456249176	0.03745107
0.455282332	0.036884568
0.452237205	0.036399367
0.452118629	0.036392554
0.451621845	0.036033457
0.450896523	0.035923991
0.449157059	0.035721148
0.44646577	0.035141602
0.446147144	0.032812314
0.445030178	0.032441398
0.445001949	0.032241729
0.444960394	0.032150705
0.444384234	0.031741003
0.443914728	0.031489998
0.443274514	0.031475014
0.434377667	0.030105878
0.428105218	0.029695864
0.427427056	0.027895358
0.425036855	0.027321918
0.424666295	0.027321918
0.422993111	0.02701158
0.422777239	0.024844129
0.415336783	0.024341514
0.415293728	0.023342013
0.41529267	0.022384241
0.41528052	0.02183506
0.415242266	0.02180437
0.415174008	0.02180437
0.412993998	0.02180437
0.408459876	0.02180437
0.407754419	0.021710998
0.407710675	0.021451482
0.406975034	0.021412695
0.406720701	0.02141134
0.405984563	0.021405684
0.396521103	0.02139033
0.39448406	0.021371581
0.387967032	0.021369991
0.385810086	0.021365867
0.385781949	0.021361929
0.384868817	0.021349005
0.384619618	0.021343425
0.384212373	0.021343425
0.383554663	0.021340776
0.377786631	0.021337656
0.376180801	0.021335104
0.375214641	0.021326471
0.374207356	0.021316629
0.373325281	0.021306626
0.373068202	0.021289844
0.372817732	0.021283558
0.368709097	0.021271761
0.362315748	0.021061616
0.360816206	0.0206567
0.357285176	0.020349939
0.355997816	0.020349939
0.35531221	0.019619999
0.351750957	0.019217474
0.351113574	0.017416151
0.344859784	0.017025008
0.344323395	0.015935934
0.343470586	0.015907622
0.342382684	0.015768538
0.340585941	0.015262788
0.340159417	0.015072367
0.339183311	0.014865764
0.334906285	0.014761791
0.334869291	0.014448589
0.334535765	0.013858457
0.332816764	0.013556446
0.332805369	0.012628308
0.332774854	0.010834402
0.329909886	0.009977644
0.329596777	0.009681607
0.328460916	0.005860857
0.326998061	0.004006611
0.326917167	0.003052401
0.325584176	0.002614731
0.324987262	0.001941499
0.322158061	0.001754456
0.320667817	0.001165907
0.315744847	-0.000170048
0.315735509	-0.000760142
0.315720768	-0.000912248
0.31571291	-0.001120069
0.315694213	-0.001382962
0.315637622	-0.002783676
0.315590392	-0.003134034
0.312890803	-0.004088043
0.312438003	-0.004631883
0.311784688	-0.005561781
0.311708979	-0.006107463
0.3105416	-0.006107463
0.310287537	-0.006205637
0.308566886	-0.00654917
0.308341427	-0.006670664
0.308338288	-0.006678681
0.308315928	-0.007378592
0.308285861	-0.00905967
0.3075755	-0.009904091
0.304235532	-0.010970895
0.303003926	-0.011388025
0.302859055	-0.012125758
0.302371992	-0.014283414
0.297501772	-0.015174578
0.295965872	-0.015183587
0.29286942	-0.01561398
0.292768157	-0.016467809
0.289811329	-0.017064733
0.289735486	-0.017108281
0.289700275	-0.017723372
0.289694774	-0.017827933
0.289645803	-0.017828272
0.289506617	-0.01809322
0.288896409	-0.018935925
0.28860781	-0.019202529
0.287969629	-0.019269025
0.283261323	-0.019303058
0.281262999	-0.020372844
0.28035059	-0.021228157
0.276283149	-0.021645478
0.276088001	-0.025054502
0.273082895	-0.025165321
0.272520906	-0.025236545
0.270910222	-0.02531267
0.270107435	-0.02534657
0.269472318	-0.025439839
0.269403195	-0.025698155
0.2653862	-0.025995209
0.262841874	-0.026754756
0.261623274	-0.02755593
0.26123318	-0.029562266
0.260909149	-0.030275304
0.259213451	-0.030289472
0.258151198	-0.03135379
0.257795079	-0.032286889
0.257795079	-0.032562228
0.257795079	-0.032684727
0.257795079	-0.032927339
0.257795079	-0.03380484
0.257795079	-0.034152454
0.257795079	-0.034603874
0.257795079	-0.035184258
0.256212619	-0.035241378
0.254425689	-0.035264073
0.254374405	-0.035390045
0.253004735	-0.03543721
0.252767575	-0.037264543
0.251765351	-0.037537052
0.251554867	-0.037944073
0.250938457	-0.038379467
0.247069226	-0.038379467
0.245965819	-0.039823629
0.24558858	-0.040594931
0.245329992	-0.040850626
0.245313916	-0.041120778
0.245276501	-0.041489534
0.242558301	-0.042406915
0.242543354	-0.043295738
0.239526248	-0.043371809
0.239194987	-0.044532092
0.23521389	-0.044792498
0.233316428	-0.044997735
0.233142951	-0.045085543
0.230834463	-0.045270071
0.230308866	-0.04576772
0.230230047	-0.04576934
0.228037516	-0.045841154
0.226785526	-0.046061338
0.223444978	-0.046355278
0.219316721	-0.047595941
0.217288501	-0.048393057
0.21516613	-0.04905011
0.214956019	-0.049399714
0.214162536	-0.05157831
0.212826714	-0.052325884
0.208834232	-0.052658595
0.20877524	-0.053627109
0.203905019	-0.053834721
0.202336756	-0.053861269
0.201255906	-0.053924813
0.197799621	-0.054001052
0.194347095	-0.054132538
0.192716866	-0.054256152
0.191463188	-0.054378117
0.190465618	-0.05526371
0.190282124	-0.056058859
0.187673108	-0.056241983
0.186756381	-0.056245709
0.186068813	-0.057231807
0.18394121	-0.057255077
0.182533953	-0.057477202
0.182259179	-0.059030232
0.181484414	-0.059271992
0.180786313	-0.059281816
0.180464941	-0.059295011
0.172685018	-0.060073318
0.169697682	-0.060254826
0.166301186	-0.060357347
0.166077779	-0.060526678
0.165083896	-0.061020876
0.164947776	-0.061084452
0.164254329	-0.061163863
0.164011956	-0.062189089
0.163885164	-0.062270812
0.162967346	-0.06252596
0.160241791	-0.063894564
0.156720046	-0.063895507
0.156635791	-0.064421841
0.155930879	-0.064921076
0.153118248	-0.065765957
0.153010284	-0.065815326
0.152253276	-0.066260939
0.152222711	-0.067918959
0.150571994	-0.068411125
0.149830167	-0.068524089
0.1469548	-0.068732961
0.146483836	-0.068839404
0.145643511	-0.069625987
0.143537071	-0.069889728
0.143474234	-0.070427953
0.141191322	-0.070692447
0.139612035	-0.071156584
0.136647378	-0.07166644
0.13211046	-0.071764657
0.130449764	-0.071798523
0.128913846	-0.072430138
0.125542943	-0.072552194
0.124770483	-0.073287915
0.1243593	-0.073301491
0.124046322	-0.073809712
0.123956264	-0.073929245
0.12195327	-0.076825339
0.12070079	-0.076957244
0.120665778	-0.077359546
0.120274358	-0.079248796
0.116814895	-0.079435154
0.115423736	-0.080192469
0.114661844	-0.080291077
0.114599993	-0.080559255
0.114165946	-0.081027202
0.113255978	-0.081213097
0.110453401	-0.081541266
0.109258537	-0.082797859
0.107365248	-0.082986139
0.10594975	-0.08415425
0.105939402	-0.084530915
0.105109055	-0.084564958
0.104101847	-0.085024505
0.103334988	-0.085561788
0.100381176	-0.085566528
0.099987401	-0.085579247
0.098894745	-0.085607866
0.096900369	-0.085663194
0.096531807	-0.085843076
0.096024608	-0.086603216
0.095400089	-0.086698481
0.094078677	-0.087808739
0.093838633	-0.088469429
0.093450571	-0.088903715
0.092386987	-0.088913753
0.091248228	-0.08904427
0.086627311	-0.089045063
0.084714101	-0.091135067
0.083678802	-0.091189802
0.081828356	-0.091641825
0.080279602	-0.091917631
0.079635845	-0.092240237
0.076385745	-0.092990831
0.076329343	-0.093514669
0.075399778	-0.093984093
0.075018745	-0.094101288
0.074964691	-0.094119008
0.074098394	-0.094638933
0.073690283	-0.095176899
0.073398245	-0.095413976
0.066181115	-0.09577328
0.064729358	-0.096288959
0.062958807	-0.096849462
0.055646188	-0.096878315
0.052686962	-0.097620951
0.051792941	-0.098568768
0.051022493	-0.098779649
0.050988277	-0.09996815
0.050276696	-0.100833389
0.049409685	-0.100842625
0.049168433	-0.101768288
0.047094182	-0.101835308
0.039734236	-0.102319104
0.036743436	-0.102326335
0.036711778	-0.102804168
0.036226788	-0.102908369
0.032940257	-0.103274846
0.032588529	-0.103341505
0.03066591	-0.10391985
0.030176323	-0.104068616
0.028517232	-0.104215274
0.028198757	-0.104463441
0.027866514	-0.106315362
0.025099666	-0.107213403
0.022905789	-0.108385218
0.02158971	-0.109752441
0.020594055	-0.109775729
0.020421503	-0.11076629
0.020163646	-0.111264569
0.019325045	-0.111514087
0.016520922	-0.111926921
0.016164432	-0.112162018
0.014771751	-0.112929352
0.014744343	-0.113564683
0.011328136	-0.113706536
0.009943552	-0.114667638
0.006150629	-0.115021768
0.003847459	-0.115819072
0.002739815	-0.115843053
0.00136797	-0.117558483
0.000822002	-0.118382997
0.000741503	-0.120676229
0.000204768	-0.120777131
-0.00412463	-0.120860781
-0.005668918	-0.121607902
-0.008914786	-0.121704138
-0.009236235	-0.121993306
-0.011987786	-0.122680765
-0.012150332	-0.12304713
-0.0121635	-0.124178094
-0.012762481	-0.124518357
-0.013902776	-0.126147706
-0.014377719	-0.127269976
-0.014427355	-0.127435478
-0.019831588	-0.127743907
-0.021304267	-0.127786977
-0.021606846	-0.128459794
-0.022443603	-0.128507
-0.024566684	-0.128872355
-0.024790806	-0.129175235
-0.02658966	-0.129596324
-0.028926358	-0.129596324
-0.029034513	-0.130643432
-0.03044487	-0.130675066
-0.032110183	-0.130687265
-0.032195911	-0.130714642
-0.032224816	-0.130839318
-0.037384741	-0.131733739
-0.037444773	-0.132129581
-0.038874287	-0.133531878
-0.039315747	-0.134055939
-0.03939953	-0.134200833
-0.040421574	-0.134769297
-0.041127427	-0.135031264
-0.041698868	-0.136156026
-0.042962542	-0.136370019
-0.044736676	-0.136661318
-0.046563658	-0.137051237
-0.047712169	-0.138003735
-0.047716701	-0.138028668
-0.047735426	-0.139058875
-0.047943055	-0.139372471
-0.048096418	-0.140865017
-0.050044526	-0.14126487
-0.051413658	-0.142145058
-0.051551562	-0.142181786
-0.052709471	-0.143208411
-0.053093712	-0.144084976
-0.054236478	-0.144334948
-0.054425813	-0.144336299
-0.056241109	-0.144680959
-0.057236386	-0.14475504
-0.057290944	-0.144792039
-0.057496875	-0.145043974
-0.058680528	-0.145528294
-0.059164127	-0.145928347
-0.059286787	-0.146845116
-0.061651234	-0.147159614
-0.063923432	-0.147487467
-0.06421156	-0.147542508
-0.069100416	-0.147844056
-0.070086908	-0.148291435
-0.070178597	-0.148291435
-0.073264853	-0.148291435
-0.075366466	-0.148291435
-0.077955669	-0.148291435
-0.079794157	-0.148570634
-0.08028286	-0.148593041
-0.080309366	-0.148865339
-0.081114852	-0.149218617
-0.082269436	-0.150111347
-0.082827718	-0.150332861
-0.08504708	-0.150792678
-0.085629745	-0.150867591
-0.085963667	-0.151506337
-0.088348593	-0.152149246
-0.088471897	-0.152638627
-0.088577675	-0.15268345
-0.089518148	-0.152684605
-0.09040207	-0.152782053
-0.090600211	-0.153694642
-0.091620242	-0.154105055
-0.091664922	-0.154429321
-0.093090726	-0.154988824
-0.093758437	-0.155133042
-0.094358463	-0.155133042
-0.096387277	-0.155133042
-0.09644696	-0.155406278
-0.097619858	-0.155708425
-0.098379668	-0.155814374
-0.099164276	-0.156074342
-0.099651269	-0.156365454
-0.099967379	-0.156400456
-0.100500655	-0.156973751
-0.10558339	-0.157552264
-0.106212391	-0.157926331
-0.109322937	-0.158243624
-0.114192831	-0.15858903
-0.115802625	-0.158744425
-0.115829123	-0.159223502
-0.116045066	-0.159681814
-0.117192858	-0.160199818
-0.11788253	-0.162351986
-0.117890188	-0.162548465
-0.118536424	-0.162772087
-0.119663961	-0.164044966
-0.120115379	-0.165749864
-0.120124491	-0.166412036
-0.12080334	-0.166520256
-0.121950734	-0.166529659
-0.122063053	-0.166542493
-0.122723755	-0.167048998
-0.122745776	-0.167806425
-0.124372805	-0.171219247
-0.126628429	-0.171244443
-0.131039085	-0.171280913
-0.131405198	-0.171302188
-0.131474637	-0.17130508
-0.134075711	-0.171364842
-0.134110285	-0.171563962
-0.138719501	-0.173486796
-0.139263787	-0.175346921
-0.139589825	-0.175590566
-0.139651284	-0.176421429
-0.14132938	-0.177367155
-0.144736118	-0.177573606
-0.147452001	-0.177964137
-0.147973824	-0.178374396
-0.148806397	-0.178786522
-0.14979496	-0.179233129
-0.152609054	-0.180044128
-0.152775836	-0.180058188
-0.153469972	-0.180268294
-0.153513181	-0.180543063
-0.154477811	-0.180672162
-0.156536487	-0.18099484
-0.159901773	-0.181241369
-0.161913372	-0.181255739
-0.164027309	-0.181361376
-0.166669734	-0.18167797
-0.169437687	-0.182565637
-0.169510732	-0.182638794
-0.169517057	-0.183473261
-0.1696351	-0.183540373
-0.169652821	-0.184325009
-0.169656725	-0.184536249
-0.169666292	-0.184778357
-0.169676145	-0.18514679
-0.169694998	-0.18560728
-0.169698486	-0.185608175
-0.169702364	-0.18563385
-0.169706306	-0.185854654
-0.169711307	-0.186912973
-0.169717929	-0.186922111
-0.169732069	-0.187669795
-0.16973408	-0.187698962
-0.169743861	-0.188055815
-0.169750942	-0.188593205
-0.169754882	-0.188675543
-0.169754882	-0.189073287
-0.169754882	-0.190345267
-0.169775878	-0.191314798
-0.170147108	-0.192079056
-0.170301066	-0.192250709
-0.171824534	-0.192444583
-0.172864278	-0.193593231
-0.175072464	-0.1943872
-0.175220989	-0.194398402
-0.180037661	-0.194403271
-0.18266254	-0.195022949
-0.185486898	-0.195399559
-0.185820076	-0.195547726
-0.186578866	-0.195883871
-0.186893235	-0.196537899
-0.186993318	-0.196559282
-0.187605667	-0.197297747
-0.189772136	-0.197362461
-0.191919335	-0.198611172
-0.192430562	-0.198807577
-0.195225884	-0.198831359
-0.195935704	-0.199849366
-0.196176104	-0.201039892
-0.197157292	-0.201356233
-0.197548439	-0.202329068
-0.197639187	-0.203398854
-0.198464028	-0.203680186
-0.199660899	-0.204392102
-0.200302011	-0.206023793
-0.200496455	-0.206279639
-0.20082837	-0.206343607
-0.201171822	-0.208737329
-0.201189138	-0.209756985
-0.202443955	-0.20998474
-0.203913329	-0.212591145
-0.204084018	-0.213067045
-0.204947879	-0.213096054
-0.205261885	-0.213118868
-0.205952176	-0.2131269
-0.206093946	-0.21314068
-0.206242461	-0.213463549
-0.207102277	-0.213481367
-0.207707536	-0.213950852
-0.208210301	-0.214943579
-0.210641769	-0.216158644
-0.211121923	-0.216160329
-0.212762162	-0.216227981
-0.213600644	-0.216307276
-0.213917628	-0.216376203
-0.215250821	-0.216539844
-0.219234456	-0.21719126
-0.219461697	-0.217857637
-0.226140058	-0.218389073
-0.228606045	-0.219040457
-0.22895062	-0.219417742
-0.229260658	-0.219659957
-0.229852102	-0.219766365
-0.229871292	-0.219842875
-0.231868079	-0.220458135
-0.23384276	-0.220471264
-0.233875568	-0.221066054
-0.239692133	-0.22162365
-0.240035503	-0.222069571
-0.243692217	-0.222474131
-0.245646741	-0.222539913
-0.246883749	-0.222586939
-0.248650298	-0.222682173
-0.249148301	-0.22278444
-0.249408804	-0.222931277
-0.249738685	-0.223079086
-0.249832451	-0.223202417
-0.250638987	-0.223424484
-0.251460512	-0.22349561
-0.252155401	-0.223549456
-0.252177886	-0.223769447
-0.252262058	-0.223983765
-0.252403927	-0.224942663
-0.257047408	-0.225206961
-0.257133841	-0.225622777
-0.262649372	-0.225747756
-0.262930131	-0.2261643
-0.265999356	-0.227104549
-0.267980064	-0.22730569
-0.268490672	-0.227792884
-0.269249047	-0.228058371
-0.26924945	-0.228379087
-0.270011776	-0.228552825
-0.273113236	-0.228562731
-0.275149862	-0.228628001
-0.276428526	-0.229105037
-0.276621699	-0.22919564
-0.276625401	-0.229346276
-0.276666842	-0.229993825
-0.2784335	-0.231022339
-0.278954656	-0.231423422
-0.282351179	-0.231886815
-0.282925831	-0.232390831
-0.287832882	-0.233208423
-0.288079618	-0.233237704
-0.288730098	-0.233614358
-0.289618415	-0.233616932
-0.290034031	-0.235149011
-0.290248491	-0.235417396
-0.295257666	-0.235522842
-0.296948828	-0.235698292
-0.299572124	-0.235799823
-0.299773695	-0.236162153
-0.300950882	-0.236414817
-0.301035051	-0.237840077
-0.30544729	-0.238058067
-0.306819764	-0.238058184
-0.307117633	-0.238488108
-0.30830679	-0.239237456
-0.308306797	-0.23943545
-0.309183033	-0.239463686
-0.30930556	-0.24053321
-0.310434987	-0.240962198
-0.31052779	-0.241323713
-0.310880268	-0.241645404
-0.311730144	-0.241688457
-0.311777836	-0.241693807
-0.311950737	-0.241695196
-0.313609924	-0.241697482
-0.31553109	-0.241712164
-0.315554065	-0.241724143
-0.315872689	-0.241786033
-0.316536438	-0.243343266
-0.318388298	-0.244121257
-0.318672688	-0.244982039
-0.319367546	-0.245117057
-0.319825269	-0.245583644
-0.319946488	-0.245934943
-0.323118862	-0.246029509
-0.323736749	-0.246372632
-0.325520591	-0.24662942
-0.325541665	-0.246719745
-0.326312184	-0.24730176
-0.32662131	-0.247341719
-0.328083872	-0.247437551
-0.328760191	-0.247472251
-0.329505479	-0.24789413
-0.329645549	-0.248036414
-0.33313355	-0.248085743
-0.334762864	-0.248783861
-0.33503639	-0.248837506
-0.337364814	-0.248837506
-0.338443102	-0.248837506
-0.341369652	-0.248837506
-0.343352958	-0.249887093
-0.343352958	-0.249911281
-0.34442609	-0.250192568
-0.344603378	-0.250204363
-0.346536788	-0.250362947
-0.346629791	-0.25056683
-0.347250631	-0.250671063
-0.347929693	-0.250738635
-0.34866953	-0.251054808
-0.350294785	-0.251098191
-0.351711	-0.251286746
-0.353503963	-0.251879826
-0.354875003	-0.252071259
-0.356814241	-0.252598178
-0.357134322	-0.253366403
-0.360061449	-0.253879096
-0.362340704	-0.253976543
-0.362352956	-0.254632719
-0.362375546	-0.255099437
-0.362385924	-0.255474994
-0.363259257	-0.25615525
-0.366882839	-0.256349855
-0.368249872	-0.256567253
-0.36830941	-0.256694246
-0.369014598	-0.25719215
-0.371668687	-0.257314932
-0.374178137	-0.257373708
-0.374895487	-0.257564894
-0.375794376	-0.25758044
-0.37773263	-0.257823166
-0.378232738	-0.258775727
-0.37881822	-0.258791055
-0.380477474	-0.258957704
-0.382596188	-0.259088337
-0.382744861	-0.259104043
-0.382937601	-0.259144819
-0.384471014	-0.259264443
-0.386806457	-0.259824554
-0.388646364	-0.260169434
-0.389415045	-0.260261578
-0.390998625	-0.260277679
-0.391371221	-0.26036197
-0.39196707	-0.260420133
-0.392213627	-0.26093157
-0.392678857	-0.260952019
-0.396111935	-0.261317641
-0.396468054	-0.26217713
-0.398080389	-0.262201813
-0.398279929	-0.262210267
-0.398912082	-0.262670594
-0.400398701	-0.262677102
-0.401040254	-0.262818654
-0.404125182	-0.262915454
-0.404155437	-0.263264933
-0.405505987	-0.263638563
-0.406475882	-0.263702446
-0.407865697	-0.26371843
-0.413482402	-0.264518751
-0.414185621	-0.264946527
-0.414394949	-0.265056956
-0.414842184	-0.265208632
-0.414951917	-0.265309314
-0.421235916	-0.266021331
-0.421307746	-0.266703644
-0.421809493	-0.266707397
-0.425023054	-0.267626471
-0.425727169	-0.268116287
-0.426784076	-0.268278366
-0.426798742	-0.268418979
-0.426868688	-0.268548399
-0.429415935	-0.268794417
-0.432668189	-0.269271258
-0.432721384	-0.269566129
-0.432737959	-0.269853884
-0.432759655	-0.270814023
-0.432808884	-0.271489035
-0.432829898	-0.271534091
-0.433706113	-0.271711641
-0.434306932	-0.272387241
-0.434997121	-0.273238448
-0.435828276	-0.273724949
-0.436100391	-0.274109199
-0.437177275	-0.274739382
-0.439206281	-0.274975208
-0.442236754	-0.275072055
-0.442760493	-0.275277563
-0.443269159	-0.275544639
-0.443747615	-0.276158334
-0.443951736	-0.277084044
-0.446130658	-0.277141589
-0.446542793	-0.277150849
-0.449005081	-0.277377335
-0.449392419	-0.278154371
-0.455112731	-0.278187379
-0.457518483	-0.278214471
-0.457947691	-0.278217216
-0.459194683	-0.278230059
-0.45929916	-0.278376238
-0.459688057	-0.278567303
-0.462165873	-0.279075044
-0.463446276	-0.279582207
-0.463670405	-0.281238145
-0.464442695	-0.282549654
-0.464445524	-0.283762393
-0.465192619	-0.284065643
-0.466592705	-0.285072202
-0.466919331	-0.285563767
-0.468140358	-0.285632292
-0.473003035	-0.285960951
-0.475831973	-0.28597073
-0.477804705	-0.286492456
-0.477832948	-0.286720995
-0.478732564	-0.286784311
-0.47883979	-0.287245275
-0.480048911	-0.288517178
-0.481643348	-0.289659181
-0.481656087	-0.290151208
-0.48201328	-0.290373066
-0.483068635	-0.291522799
-0.484807048	-0.291986295
-0.48524429	-0.292209448
-0.487886801	-0.292335284
-0.488988004	-0.292338494
-0.489327966	-0.29281924
-0.490876205	-0.294483688
-0.491438065	-0.295882911
-0.491561991	-0.295948816
-0.491638677	-0.296103893
-0.491658414	-0.296849064
-0.491937685	-0.29767711
-0.49327296	-0.297686758
-0.493835523	-0.298278779
-0.49392927	-0.298618241
-0.494317427	-0.298623408
-0.494746767	-0.300537765
-0.495124374	-0.300547077
-0.496525475	-0.300570899
-0.49657328	-0.300600404
-0.49868549	-0.301757838
-0.49942874	-0.301853281
-0.499573877	-0.303189402
-0.499860207	-0.304050878
-0.499950156	-0.304651906
-0.502594634	-0.304854582
-0.50663414	-0.305489548
-0.506670976	-0.305892846
-0.507756116	-0.306373127
-0.509180517	-0.30651451
-0.510297468	-0.306786289
-0.510820455	-0.307039777
-0.512597906	-0.307072185
-0.513454877	-0.3076005
-0.514140836	-0.307676121
-0.515329152	-0.307679484
-0.516180747	-0.307792166
-0.516467319	-0.308836026
-0.519833555	-0.309346603
-0.524525844	-0.309444733
-0.528170532	-0.31090094
-0.528817104	-0.31090243
-0.528932158	-0.311001645
-0.529250169	-0.311818177
-0.531524019	-0.312069147
-0.531554146	-0.312084795
-0.532282184	-0.312499408
-0.532283246	-0.312607916
-0.532463778	-0.313105622
-0.533083314	-0.313421348
-0.534588789	-0.31364692
-0.53461425	-0.313694136
-0.536245232	-0.314165321
-0.538819475	-0.314995627
-0.538944289	-0.315001996
-0.539924551	-0.31611192
-0.541233986	-0.317070104
-0.541671191	-0.317463686
-0.542055569	-0.318166415
-0.545224391	-0.318287578
-0.545238813	-0.318365848
-0.546748434	-0.318510397
-0.548444162	-0.318660342
-0.548676492	-0.320196316
-0.550320367	-0.32027107
-0.550735604	-0.320373911
-0.550811282	-0.320445582
-0.55160449	-0.321544949
-0.55320345	-0.321553025
-0.555880942	-0.322183936
-0.557766418	-0.322222168
-0.557794312	-0.322287706
-0.56071758	-0.322659423
-0.562061284	-0.322818917
-0.563848695	-0.323290505
-0.563992222	-0.32347176
-0.564688155	-0.324221621
-0.566012137	-0.32450416
-0.566312635	-0.32509969
-0.567038086	-0.32566426
-0.567473794	-0.326079309
-0.569038278	-0.326354429
-0.56906727	-0.326467505
-0.569303275	-0.326579011
-0.569308289	-0.326623894
-0.570651025	-0.327206823
-0.573618809	-0.327559466
-0.574100936	-0.327682585
-0.577138596	-0.328001052
-0.577299871	-0.32833041
-0.580469496	-0.328456402
-0.581304099	-0.32853673
-0.583593611	-0.3287922
-0.58451839	-0.330286939
-0.584663217	-0.330356548
-0.584683206	-0.330960149
-0.584722032	-0.330981921
-0.584756945	-0.331181435
-0.584789069	-0.331544751
-0.584823439	-0.331672281
-0.584962501	-0.332516757
-0.587250752	-0.334228776
-0.590155367	-0.334787283
-0.590853263	-0.334884529
-0.592120239	-0.3356937
-0.592673423	-0.335920925
-0.592744749	-0.336135444
-0.595126491	-0.336480851
-0.595975336	-0.336969755
-0.595987499	-0.337142479
-0.597142862	-0.337669489
-0.599684834	-0.337766032
-0.600541338	-0.338134832
-0.604803283	-0.338150064
-0.604965976	-0.338196241
-0.606794663	-0.339911824
-0.60682465	-0.340542908
-0.607840206	-0.340674287
-0.609414225	-0.341154545
-0.610313111	-0.341213355
-0.611206903	-0.341228132
-0.611382057	-0.341230966
-0.612230865	-0.341374293
-0.612446898	-0.341845709
-0.613373309	-0.342514217
-0.613401818	-0.343198296
-0.616095094	-0.343555688
-0.620326913	-0.343798364
-0.622226848	-0.343908177
-0.622355367	-0.34436595
-0.624268114	-0.346383032
-0.624762882	-0.346397778
-0.626151081	-0.346416948
-0.628675714	-0.346731808
-0.629126264	-0.347147568
-0.629658361	-0.347186689
-0.632127977	-0.347635757
-0.635953262	-0.348537935
-0.637991635	-0.348702135
-0.638043488	-0.349542662
-0.638631564	-0.349703559
-0.639138516	-0.349956591
-0.639181047	-0.35038756
-0.639196446	-0.350627855
-0.640278458	-0.351285535
-0.64046569	-0.351354057
-0.64101469	-0.351557634
-0.641660396	-0.35201994
-0.642056419	-0.3532395
-0.642853751	-0.353952076
-0.643633027	-0.355466543
-0.643642288	-0.35670605
-0.644303321	-0.357165275
-0.645290927	-0.357534662
-0.64793624	-0.357712442
-0.651792793	-0.357720339
-0.655036008	-0.35853485
-0.655061644	-0.359702725
-0.655067315	-0.359706971
-0.656384673	-0.361099703
-0.656911747	-0.361180542
-0.657493248	-0.361980612
-0.66134775	-0.362182545
-0.661562991	-0.362417706
-0.662789031	-0.362953214
-0.663102502	-0.363557069
-0.664382154	-0.364036301
-0.66501412	-0.365004832
-0.66546626	-0.365543863
-0.667829131	-0.365699444
-0.668382139	-0.366545604
-0.668815317	-0.367310522
-0.668963945	-0.367383993
-0.670161044	-0.367452021
-0.670172311	-0.36755716
-0.672224002	-0.368570715
-0.674470589	-0.368613066
-0.674971737	-0.368813038
-0.675578641	-0.369848292
-0.677246425	-0.370251153
-0.679184159	-0.370940165
-0.683949612	-0.372384365
-0.684289587	-0.372599924
-0.684823194	-0.374020954
-0.687565335	-0.374789823
-0.689483785	-0.375123654
-0.691577778	-0.375296413
-0.693267669	-0.375947503
-0.693283336	-0.376027323
-0.693754585	-0.378470977
-0.694428119	-0.378561388
-0.69647779	-0.37921716
-0.696786893	-0.37928984
-0.697821522	-0.379619167
-0.69883614	-0.379893074
-0.700321578	-0.381056804
-0.700598974	-0.381820039
-0.703517952	-0.382038297
-0.704615062	-0.382059823
-0.706706062	-0.382437659
-0.707127003	-0.382823715
-0.707623242	-0.382828436
-0.710425365	-0.383050087
-0.711405393	-0.384355722
-0.712214106	-0.384782536
-0.71334738	-0.384805239
-0.714932152	-0.385002359
-0.715514512	-0.386023294
-0.716152609	-0.386137682
-0.716453355	-0.386544561
-0.716629811	-0.386654314
-0.717601712	-0.386844458
-0.719815138	-0.387247847
-0.722243125	-0.387513879
-0.722252952	-0.38756553
-0.722317569	-0.388448602
-0.723300816	-0.389655588
-0.725008425	-0.390011242
-0.726577208	-0.390391353
-0.726962266	-0.391297493
-0.727873929	-0.391704541
-0.728342317	-0.391972412
-0.729145498	-0.392268452
-0.732007647	-0.392470483
-0.733113458	-0.393133658
-0.733542401	-0.393473112
-0.735722097	-0.393550155
-0.736058546	-0.393622336
-0.736107783	-0.393637968
-0.737197021	-0.393639462
-0.737624307	-0.393648937
-0.739116055	-0.393663848
-0.744423301	-0.39367282
-0.745906237	-0.393679474
-0.747785323	-0.393682923
-0.7506299	-0.393688559
-0.753794677	-0.393692451
-0.754633107	-0.393696309
-0.754649659	-0.393698919
-0.754666923	-0.393724886
-0.754672497	-0.393756261
-0.754673092	-0.393824463
-0.758541434	-0.393832204
-0.760176955	-0.395195033
-0.764466373	-0.395565175
-0.764661333	-0.395893691
-0.766301956	-0.396003582
-0.766359636	-0.396414397
-0.7671632	-0.39695577
-0.770136767	-0.397044504
-0.771134256	-0.397163416
-0.773570554	-0.397581944
-0.775427666	-0.398501834
-0.776696524	-0.39924197
-0.778676237	-0.39966746
-0.780925238	-0.400003038
-0.781991157	-0.400252887
-0.78202378	-0.401118853
-0.78236321	-0.401186367
-0.782404751	-0.401325705
-0.782637573	-0.401501388
-0.782643484	-0.401554352
-0.783526093	-0.402234975
-0.785018167	-0.402478434
-0.785291779	-0.402486645
-0.787076236	-0.402532946
-0.787814184	-0.402880039
-0.788066595	-0.405433583
-0.790096077	-0.405476738
-0.79131635	-0.40582197
-0.791386624	-0.406407882
-0.793113635	-0.406880857
-0.793591372	-0.407070818
-0.793593846	-0.407202155
-0.794998039	-0.407366966
-0.795328472	-0.407996261
-0.796263112	-0.40863657
-0.797666101	-0.408706209
-0.800489212	-0.409089056
-0.801954934	-0.409166615
-0.802954559	-0.409176537
-0.803386957	-0.409270854
-0.804271388	-0.40945688
-0.804311826	-0.409624432
-0.80690352	-0.409716579
-0.807021004	-0.409993816
-0.807146016	-0.410124083
-0.807727065	-0.410415857
-0.808201918	-0.411542547
-0.810430913	-0.412308829
-0.810433494	-0.412648301
-0.81260459	-0.412687941
-0.813015972	-0.412855109
-0.813968198	-0.412957544
-0.8143055	-0.41456603
-0.815522217	-0.414701481
-0.821679385	-0.415793622
-0.82177666	-0.415939725
-0.821811442	-0.415975042
-0.821831579	-0.416268401
-0.822263441	-0.416472467
-0.82580727	-0.416509981
-0.827145377	-0.416998789
-0.832665253	-0.41726047
-0.835066458	-0.417823295
-0.835287358	-0.417919111
-0.836209785	-0.417938526
-0.836407614	-0.418214951
-0.836655841	-0.418502591
-0.837827955	-0.418810688
-0.839272116	-0.419058905
-0.840628169	-0.419222449
-0.847774692	-0.419254033
-0.84780411	-0.419301999
-0.847908698	-0.420444623
-0.848159473	-0.420647806
-0.849011635	-0.420917018
-0.854841648	-0.421181078
-0.855288173	-0.421228715
-0.855623151	-0.422228959
-0.859284503	-0.422259356
-0.861585819	-0.422537284
-0.861921092	-0.422614395
-0.864201725	-0.422809656
-0.864611896	-0.423090368
-0.865444937	-0.423143062
-0.865958486	-0.423837956
-0.867145744	-0.423912642
-0.867267284	-0.424014525
-0.869332615	-0.424083132
-0.870316739	-0.424333791
-0.87050314	-0.424704996
-0.870608173	-0.424907394
-0.87061881	-0.425017102
-0.871402652	-0.425703151
-0.872001264	-0.425719917
-0.874894981	-0.42613137
-0.875475763	-0.426706613
-0.878914487	-0.42721681
-0.880045354	-0.427628223
-0.880074385	-0.428100817
-0.881474608	-0.428521616
-0.882434982	-0.429331288
-0.882755782	-0.429603136
-0.883395604	-0.42977949
-0.886895105	-0.429966279
-0.888627769	-0.430512309
-0.889084351	-0.43059982
-0.889594846	-0.430630355
-0.889598542	-0.430646076
-0.889765775	-0.431827607
-0.89214352	-0.432122031
-0.892314266	-0.432154803
-0.892687562	-0.432327225
-0.894071685	-0.432707409
-0.894166129	-0.433151302
-0.894692367	-0.434500896
-0.896574662	-0.436276719
-0.89686023	-0.436339441
-0.897664437	-0.436855003
-0.901792943	-0.436942039
-0.903191446	-0.43740086
-0.903334923	-0.437544186
-0.906663203	-0.437600694
-0.906670868	-0.438623826
-0.906674225	-0.439859794
-0.909465485	-0.44008116
-0.910645394	-0.440348548
-0.912391384	-0.441155085
-0.915295073	-0.441513158
-0.916160944	-0.441522861
-0.91659385	-0.441803371
-0.916796509	-0.44182844
-0.91680026	-0.442024586
-0.918714654	-0.442071065
-0.91936899	-0.442743585
-0.919842833	-0.443988873
-0.919842833	-0.444021059
-0.920356605	-0.444196837
-0.924618701	-0.444429788
-0.928365127	-0.444782955
-0.928701095	-0.445221917
-0.928730137	-0.445623368
-0.929275347	-0.446613194
-0.929968414	-0.447291361
-0.931053296	-0.448029884
-0.932830733	-0.448098004
-0.933424358	-0.448437772
-0.933643966	-0.448526344
-0.933994491	-0.448592779
-0.934495586	-0.449196132
-0.934937482	-0.449525028
-0.934989225	-0.449755031
-0.935252327	-0.451102274
-0.935922058	-0.451394187
-0.937131014	-0.451405368
-0.938390075	-0.451818516
-0.938677887	-0.451926237
-0.939855833	-0.452899039
-0.942941512	-0.452979395
-0.943771778	-0.452986763
-0.94507396	-0.45303776
-0.947301734	-0.45568486
-0.947306661	-0.456081761
-0.947367552	-0.456428587
-0.949027432	-0.456775491
-0.949068509	-0.457289013
-0.952321636	-0.457742613
-0.95263756	-0.45776548
-0.953094733	-0.458558224
-0.955559659	-0.458607124
-0.955698979	-0.459110983
-0.95609444	-0.459451828
-0.957172016	-0.459513678
-0.958713992	-0.459565302
-0.962816562	-0.459781321
-0.96305242	-0.459884916
-0.963200297	-0.459899903
-0.963309339	-0.459911508
-0.963309339	-0.460155403
-0.963408417	-0.460567148
-0.965809369	-0.460725292
-0.966536574	-0.461142464
-0.968618867	-0.461237887
-0.970356304	-0.461291382
-0.970526735	-0.461420069
-0.971111259	-0.461456408
-0.971910256	-0.461464447
-0.972511991	-0.461591198
-0.973779006	-0.461595814
-0.973810744	-0.463012108
-0.97411012	-0.464051397
-0.974512988	-0.464085003
-0.97522935	-0.464085294
-0.97693439	-0.464417385
-0.97704639	-0.465128487
-0.977054994	-0.465806753
-0.977164263	-0.466197395
-0.978970674	-0.466201358
-0.981711308	-0.467445164
-0.981788883	-0.467632732
-0.986755713	-0.467696238
-0.987272643	-0.467821077
-0.989039995	-0.46792015
-0.989901968	-0.468377493
-0.990373586	-0.469673985
-0.990406406	-0.470031009
-0.991424594	-0.470160788
-0.99151271	-0.470271464
-0.992852876	-0.47153812
-0.995149526	-0.471651741
-0.995336378	-0.473111449
-0.996892291	-0.473387102
-0.997996228	-0.473416908
-0.998336139	-0.47364884
-0.999789284	-0.474187645
-0.99982516	-0.474511516
-1.003667739	-0.475051134
-1.00426299	-0.47507512
-1.005694622	-0.475760215
-1.008466145	-0.476114698
-1.009255785	-0.476122962
-1.01112052	-0.476211781
-1.01197989	-0.476274127
-1.01359287	-0.476481754
-1.013958891	-0.476696438
-1.014343195	-0.47682052
-1.015195663	-0.477024619
-1.017224708	-0.478605234
-1.017397761	-0.478671048
-1.020102395	-0.479278596
-1.020200261	-0.479331114
-1.024650334	-0.479417092
-1.025310883	-0.479697076
-1.025348149	-0.4811626
-1.027754875	-0.482159287
-1.029616175	-0.482194141
-1.02998153	-0.482242069
-1.030811632	-0.482354881
-1.032154872	-0.482744674
-1.03217817	-0.483652076
-1.032181156	-0.483892258
-1.032248653	-0.483905777
-1.032793038	-0.483909867
-1.032793038	-0.48443254
-1.033325455	-0.484527552
-1.033748791	-0.484847257
-1.033832831	-0.485099192
-1.035195934	-0.487333225
-1.038741352	-0.488127396
-1.038747103	-0.488342138
-1.039491185	-0.48868442
-1.039718101	-0.488716669
-1.040828794	-0.489786494
-1.043780062	-0.490263331
-1.044103517	-0.490507408
-1.044166982	-0.490978889
-1.044225939	-0.491704085
-1.04461423	-0.493025543
-1.046338972	-0.493025543
-1.046719745	-0.493242457
-1.047228702	-0.493243798
-1.049507221	-0.493245482
-1.050717238	-0.493257477
-1.0513096	-0.493927207
-1.051793873	-0.493981887
-1.052175396	-0.494409669
-1.055585805	-0.494685042
-1.055808131	-0.494723117
-1.058643506	-0.49506459
-1.059212344	-0.495638276
-1.060066476	-0.495952429
-1.061134227	-0.496043718
-1.062787947	-0.496795887
-1.062890288	-0.497392164
-1.063802422	-0.497556307
-1.06395249	-0.498390907
-1.063967481	-0.498645992
-1.064162415	-0.498679342
-1.064871642	-0.499824364
-1.065639783	-0.499952948
-1.067789384	-0.500004823
-1.067833402	-0.500113238
-1.068196841	-0.500143707
-1.069727542	-0.500563358
-1.070107794	-0.500577959
-1.07014719	-0.500752227
-1.07015545	-0.501778302
-1.070203687	-0.502102608
-1.070937277	-0.503340862
-1.071144109	-0.503457913
-1.072398928	-0.503744905
-1.075356142	-0.503764849
-1.076435859	-0.504720619
-1.076716218	-0.505217015
-1.078077018	-0.505445252
-1.078823519	-0.505899598
-1.080890091	-0.506003146
-1.081045952	-0.5065422
-1.081717652	-0.506619551
-1.085985492	-0.506765618
-1.085987078	-0.507365891
-1.087218769	-0.507680515
-1.0887846	-0.507832819
-1.09772	-0.508141369
-1.099231275	-0.508391242
-1.101444801	-0.508837036
-1.102601503	-0.509295556
-1.10274134	-0.510165335
-1.103400512	-0.510350145
-1.104544577	-0.510976575
-1.105521418	-0.511127021
-1.105596143	-0.511527972
-1.107412016	-0.511664055
-1.1082966	-0.51234503
-1.109459572	-0.51242909
-1.109854476	-0.513099432
-1.11028646	-0.513748845
-1.113106001	-0.513911974
-1.113108306	-0.513933377
-1.113997418	-0.513992592
-1.116852437	-0.514109445
-1.118492202	-0.514167937
-1.122368909	-0.514886958
-1.123908918	-0.514886958
-1.127742011	-0.514904383
-1.131975233	-0.516282172
-1.134593635	-0.517926526
-1.135584725	-0.518496757
-1.135762319	-0.519254555
-1.137146712	-0.519364194
-1.141539659	-0.519761626
-1.142945663	-0.519952086
-1.1476985	-0.52030413
-1.149769874	-0.520749829
-1.150630054	-0.52137739
-1.15063456	-0.521407827
-1.15333515	-0.521578887
-1.154778175	-0.5217711
-1.157079669	-0.521791958
-1.157151881	-0.521914423
-1.157267795	-0.522213211
-1.157825678	-0.522461573
-1.158524555	-0.52299199
-1.1594418	-0.52376709
-1.162032702	-0.524095521
-1.169499741	-0.524512748
-1.169546986	-0.524702082
-1.1696478	-0.525748308
-1.169654086	-0.526346705
-1.169662908	-0.526401778
-1.169667676	-0.526961476
-1.169675681	-0.527542609
-1.169679284	-0.527582233
-1.169684822	-0.527671946
-1.169692116	-0.529179603
-1.169702243	-0.529351191
-1.169703338	-0.529417542
-1.169703526	-0.529558444
-1.169705057	-0.530112872
-1.169706358	-0.5314759
-1.169717075	-0.532132549
-1.169735127	-0.532253388
-1.169740907	-0.53340367
-1.169764924	-0.533505401
-1.169771987	-0.533757458
-1.169772182	-0.53410242
-1.169790629	-0.534439912
-1.169805281	-0.534516686
-1.169806869	-0.53470608
-1.169857901	-0.535755421
-1.169925001	-0.535848927
-1.169925001	-0.536008909
-1.169925001	-0.536303277
-1.169925001	-0.53634138
-1.169991157	-0.536351231
-1.170154968	-0.537265759
-1.170189643	-0.537553553
-1.170873207	-0.537854617
-1.172467196	-0.538008598
-1.173484256	-0.538064221
-1.178364719	-0.538066549
-1.181189739	-0.538081002
-1.182580513	-0.538084555
-1.185492935	-0.538084621
-1.186556508	-0.538116982
-1.187180363	-0.538138881
-1.188084076	-0.538157759
-1.188992417	-0.538724801
-1.192016952	-0.539780656
-1.193602994	-0.540571924
-1.194023118	-0.540853736
-1.194210548	-0.540971263
-1.194308601	-0.542829245
-1.196055312	-0.542886994
-1.19745861	-0.544679699
-1.198919605	-0.545696609
-1.199251999	-0.545729458
-1.201180038	-0.545742842
-1.201999697	-0.546023017
-1.202114439	-0.546360891
-1.202166047	-0.546809394
-1.204258927	-0.547139585
-1.205776726	-0.547997856
-1.21032841	-0.548016722
-1.210395595	-0.548396185
-1.213783104	-0.548657666
-1.21408952	-0.549759193
-1.214862342	-0.549910273
-1.214949737	-0.549995979
-1.216723132	-0.550247114
-1.216790976	-0.55064674
-1.217427672	-0.550832285
-1.218168563	-0.550878089
-1.218581158	-0.551694811
-1.221356651	-0.551828297
-1.221855044	-0.552178049
-1.222198006	-0.552473042
-1.223493662	-0.552856236
-1.223659005	-0.553851337
-1.228559366	-0.554186289
-1.230505636	-0.554722421
-1.23111389	-0.555544372
-1.23238868	-0.555922217
-1.23376364	-0.556644968
-1.23689406	-0.556759669
-1.23728761	-0.556805894
-1.243708412	-0.558008174
-1.243962535	-0.558038333
-1.24440826	-0.558168047
-1.244675699	-0.558317432
-1.246782166	-0.559067178
-1.247519569	-0.559434391
-1.247775643	-0.559480979
-1.250637627	-0.560374744
-1.254608586	-0.560514642
-1.255411165	-0.560524715
-1.255568078	-0.561262385
-1.256679392	-0.561629997
-1.259951264	-0.56191863
-1.262241766	-0.562306938
-1.262761142	-0.56351167
-1.265067558	-0.565689234
-1.267670729	-0.566021762
-1.268796887	-0.566163549
-1.269084988	-0.566498031
-1.269798508	-0.566675159
-1.272074796	-0.566675343
-1.272802353	-0.566757184
-1.273236781	-0.566968995
-1.276457112	-0.567042389
-1.276623862	-0.567175079
-1.276661568	-0.567381682
-1.276730153	-0.567981592
-1.276810778	-0.569664387
-1.27824333	-0.569905585
-1.278602945	-0.570368801
-1.280954298	-0.570809626
-1.28132544	-0.5714387
-1.282174252	-0.571946406
-1.282920136	-0.572242003
-1.283393493	-0.572363106
-1.284900456	-0.57261618
-1.28706128	-0.572645891
-1.287626394	-0.572662407
-1.288158985	-0.572833879
-1.289445468	-0.573773796
-1.289888364	-0.573785377
-1.290050108	-0.57391802
-1.29047516	-0.574435747
-1.295190414	-0.574479326
-1.29573797	-0.574878676
-1.295862642	-0.575269404
-1.295879669	-0.575385394
-1.297588077	-0.576098799
-1.299344789	-0.576490642
-1.300892491	-0.576565804
-1.302998859	-0.576618894
-1.30355111	-0.577368715
-1.304514563	-0.577659304
-1.304528037	-0.577737809
-1.308364415	-0.578645601
-1.309006541	-0.578713193
-1.309159009	-0.578930695
-1.310451853	-0.580115044
-1.310542328	-0.580381991
-1.31221483	-0.580470648
-1.312301439	-0.581072644
-1.314080435	-0.581555087
-1.316409849	-0.581555981
-1.316484729	-0.582562931
-1.316552638	-0.582572274
-1.317643919	-0.583291514
-1.317844635	-0.583522978
-1.320407226	-0.583974787
-1.32167482	-0.584042437
-1.321696031	-0.585287008
-1.321737281	-0.585739257
-1.321928095	-0.586086883
-1.323985572	-0.587090113
-1.324917105	-0.587192308
-1.325773819	-0.58770219
-1.326125139	-0.587873395
-1.32959324	-0.588258417
-1.331623999	-0.588258417
-1.33515812	-0.58870932
-1.337152979	-0.588996542
-1.337447659	-0.589096756
-1.339545048	-0.590167805
-1.339679104	-0.590579538
-1.341452549	-0.591317017
-1.345694645	-0.592995078
-1.348446034	-0.593222329
-1.348651617	-0.593368297
-1.349408331	-0.594168286
-1.349545565	-0.595211639
-1.350260648	-0.596306671
-1.350891797	-0.596966195
-1.351398359	-0.597265547
-1.355450725	-0.598041847
-1.35817816	-0.598042183
-1.359757212	-0.598605743
-1.360776202	-0.599014994
-1.360928299	-0.599051612
-1.361161344	-0.599870708
-1.362403611	-0.600006381
-1.362488166	-0.600139741
-1.365271216	-0.600160293
-1.365688678	-0.600188286
-1.366430538	-0.601209078
-1.369020814	-0.602096638
-1.369731812	-0.602301913
-1.370420794	-0.602518114
-1.372162321	-0.602629006
-1.373846172	-0.602920472
-1.376153884	-0.60349509
-1.376195587	-0.603616783
-1.381078521	-0.604178492
-1.381682729	-0.604457877
-1.382403538	-0.605850093
-1.384205614	-0.607181946
-1.385476652	-0.607814686
-1.38552762	-0.60808165
-1.386570451	-0.608221662
-1.388321074	-0.608622177
-1.388871067	-0.608718042
-1.389661996	-0.609404171
-1.390337116	-0.609417629
-1.391785738	-0.609426854
-1.392104367	-0.609750855
-1.39212132	-0.609873394
-1.392148202	-0.609995947
-1.394017258	-0.610311497
-1.395098021	-0.610576294
-1.395105597	-0.611848802
-1.395471331	-0.612025705
-1.396475623	-0.612308697
-1.397752908	-0.612336027
-1.399203711	-0.612585693
-1.400736212	-0.61302392
-1.400912968	-0.613389543
-1.401027217	-0.613609145
-1.404911704	-0.613641966
-1.408091815	-0.616052603
-1.410797393	-0.616066347
-1.41233615	-0.616103071
-1.414498804	-0.616151308
-1.415184958	-0.616233618
-1.415507338	-0.617559394
-1.417075425	-0.61773756
-1.417325943	-0.618256894
-1.41733859	-0.618770228
-1.417464237	-0.619684964
-1.42120916	-0.619945163
-1.421729816	-0.621116911
-1.422340307	-0.621404416
-1.423420526	-0.621760058
-1.424796609	-0.621949213
-1.424916639	-0.622078023
-1.425162543	-0.624420156
-1.425164408	-0.625077287
-1.426059625	-0.625558528
-1.426119637	-0.626572222
-1.426873154	-0.626786759
-1.432820168	-0.626805572
-1.433071422	-0.626999075
-1.434244122	-0.627482385
-1.434486931	-0.628057227
-1.435809054	-0.628120897
-1.440987901	-0.628144643
-1.442030002	-0.628416521
-1.442058098	-0.628706859
-1.444342035	-0.628771944
-1.44470724	-0.629522485
-1.446844984	-0.631402402
-1.447807134	-0.631705238
-1.449710926	-0.631844162
-1.44973512	-0.632009861
-1.449813401	-0.632093233
-1.451812959	-0.632258872
-1.453522376	-0.632258872
-1.455119102	-0.632593927
-1.455122393	-0.632857483
-1.455877692	-0.633522749
-1.456034019	-0.634020443
-1.457892764	-0.634713368
-1.458059926	-0.634789872
-1.459292432	-0.634873093
-1.460752471	-0.635756135
-1.461797816	-0.635785413
-1.467361835	-0.636581717
-1.468616919	-0.637167727
-1.470294982	-0.637573543
-1.471909744	-0.637645801
-1.472423531	-0.637978745
-1.473674971	-0.638158508
-1.474938603	-0.638207775
-1.476029472	-0.638240988
-1.476113308	-0.639847295
-1.477822658	-0.640230237
-1.481038829	-0.640269752
-1.482030284	-0.640715508
-1.482158336	-0.641066192
-1.48294613	-0.641080719
-1.483582751	-0.641438339
-1.486164832	-0.64212578
-1.486607904	-0.64240721
-1.486904917	-0.642664129
-1.491033616	-0.642840737
-1.491243565	-0.643057726
-1.491477443	-0.645198639
-1.491493981	-0.64544261
-1.491591003	-0.645571247
-1.491595879	-0.646294488
-1.491598406	-0.647396902
-1.491622832	-0.647625284
-1.49165142	-0.647699659
-1.491682977	-0.648002605
-1.491685205	-0.648897931
-1.494414502	-0.64939709
-1.49443938	-0.649629111
-1.496505588	-0.651315997
-1.498151769	-0.651740305
-1.498553925	-0.65187839
-1.498645373	-0.652763949
-1.500825585	-0.652870622
-1.502712547	-0.653214123
-1.504829752	-0.654611441
-1.505036198	-0.654617288
-1.505400604	-0.654927192
-1.510783364	-0.654959818
-1.510900634	-0.656621876
-1.511822702	-0.656697934
-1.513665847	-0.656728967
-1.514082526	-0.656746304
-1.514260577	-0.6567488
-1.515705184	-0.656816063
-1.517733257	-0.656851613
-1.517929048	-0.657190076
-1.520044183	-0.658048007
-1.520232086	-0.659900406
-1.520518176	-0.660269531
-1.521042442	-0.661976961
-1.523276177	-0.663241435
-1.523885347	-0.663451206
-1.524301342	-0.664153991
-1.524454244	-0.664603265
-1.525216471	-0.664729204
-1.527308599	-0.664971703
-1.527534909	-0.665135757
-1.529966011	-0.665895757
-1.532280064	-0.665907102
-1.532397867	-0.665934156
-1.532938704	-0.665964262
-1.535164868	-0.666190785
-1.535308836	-0.667480204
-1.537289557	-0.667867905
-1.537875073	-0.668353455
-1.53847918	-0.668395846
-1.541866066	-0.668550376
-1.54661497	-0.668825783
-1.546936823	-0.669233449
-1.547362352	-0.669321022
-1.54822089	-0.669322422
-1.548418303	-0.669523688
-1.550551783	-0.669617784
-1.551385098	-0.669910451
-1.552097867	-0.67017661
-1.552180584	-0.670515504
-1.553042329	-0.671279476
-1.553227384	-0.671519782
-1.55388929	-0.671550859
-1.557607655	-0.671656736
-1.558922206	-0.671975324
-1.55897163	-0.671979267
-1.559419232	-0.672403814
-1.560062584	-0.672476202
-1.560893125	-0.672623042
-1.566194038	-0.673062931
-1.567454504	-0.673192183
-1.56881967	-0.673417086
-1.5689785	-0.673475867
-1.569292444	-0.674162535
-1.572200733	-0.674717459
-1.572709497	-0.674871459
-1.576449129	-0.675221079
-1.578165282	-0.675397896
-1.578266095	-0.675532558
-1.579032315	-0.676149593
-1.579069843	-0.676233575
-1.579339488	-0.676482395
-1.581187464	-0.677364224
-1.582593247	-0.677420723
-1.584328349	-0.67938021
-1.584559344	-0.679829318
-1.584745766	-0.681109016
-1.584759619	-0.681150709
-1.584779213	-0.682544857
-1.584781184	-0.682611265
-1.584783982	-0.683121595
-1.584962501	-0.683238842
-1.584962501	-0.683961635
-1.585346861	-0.685274231
-1.589251872	-0.685492909
-1.591338073	-0.68583355
-1.592236677	-0.686810557
-1.592386998	-0.689144068
-1.594423785	-0.692322385
-1.595544225	-0.692955622
-1.596512365	-0.693288966
-1.597171444	-0.693903443
-1.599156006	-0.694124559
-1.599458477	-0.69569456
-1.600340144	-0.69573259
-1.601816958	-0.697284924
-1.603742143	-0.697397986
-1.608117653	-0.697446833
-1.608390144	-0.69779932
-1.609000908	-0.697919471
-1.609247939	-0.698542871
-1.60979993	-0.698550698
-1.61022168	-0.698554305
-1.610278314	-0.699875782
-1.610287857	-0.7008005
-1.611393783	-0.701100751
-1.61228781	-0.70138406
-1.614095529	-0.702083503
-1.615795353	-0.702792168
-1.616112736	-0.702856397
-1.619558028	-0.703057738
-1.62076624	-0.704006791
-1.621695451	-0.704016798
-1.622411149	-0.704648096
-1.623996612	-0.704736146
-1.624236467	-0.704750857
-1.624558543	-0.704998589
-1.626315452	-0.705131072
-1.626527164	-0.705179285
-1.627141001	-0.705404426
-1.629126482	-0.706288243
-1.629146012	-0.707011507
-1.629582737	-0.707111379
-1.630871293	-0.707363369
-1.632443657	-0.707544764
-1.633002734	-0.707615869
-1.634284988	-0.70789278
-1.636574968	-0.70806744
-1.637584672	-0.708296172
-1.638065474	-0.708775461
-1.638620643	-0.708980744
-1.640517724	-0.709339956
-1.641001827	-0.70952109
-1.641041985	-0.710137947
-1.641448098	-0.710327337
-1.64176465	-0.710761343
-1.641911746	-0.711230966
-1.642434318	-0.711850062
-1.643269013	-0.71226546
-1.643647895	-0.712329166
-1.647749349	-0.713680985
-1.650978815	-0.714109883
-1.652734496	-0.714365464
-1.655096071	-0.715281291
-1.655096608	-0.715495709
-1.655203313	-0.715554968
-1.655203313	-0.715617385
-1.657093321	-0.715618011
-1.657108735	-0.715632658
-1.659585932	-0.718598907
-1.660603347	-0.718794854
-1.660713317	-0.719269656
-1.660894921	-0.719498944
-1.661542026	-0.719568633
-1.661622846	-0.719925598
-1.662850054	-0.720431797
-1.663852561	-0.720475447
-1.664266245	-0.720857728
-1.664398694	-0.721217388
-1.664903017	-0.721529752
-1.666091282	-0.721789449
-1.667035985	-0.722616388
-1.66705095	-0.723332628
-1.66720746	-0.723709416
-1.667338791	-0.723895219
-1.667504002	-0.724497871
-1.667700905	-0.724849275
-1.672278853	-0.725614831
-1.672363351	-0.725654387
-1.674721042	-0.725738339
-1.674905716	-0.726036034
-1.675061405	-0.726116751
-1.678716726	-0.726317324
-1.679201057	-0.726396528
-1.680678099	-0.72647302
-1.682719317	-0.726754222
-1.6837687	-0.726762023
-1.684133658	-0.727068781
-1.684413985	-0.727140767
-1.686047315	-0.727164154
-1.686146618	-0.727374622
-1.687107043	-0.727536816
-1.688560962	-0.727685328
-1.689098908	-0.727964631
-1.692563797	-0.728634562
-1.693842646	-0.729303538
-1.695953496	-0.7294505
-1.69697594	-0.730699118
-1.697116739	-0.730703491
-1.698150912	-0.730942503
-1.698873074	-0.731028798
-1.69906992	-0.731382436
-1.699347085	-0.732677468
-1.700172679	-0.733124905
-1.70030401	-0.733321216
-1.700321946	-0.733477328
-1.700644729	-0.733481493
-1.700914896	-0.734718947
-1.701309728	-0.73518296
-1.702364274	-0.736278951
-1.703489078	-0.736391253
-1.705523417	-0.736744958
-1.706018285	-0.737639213
-1.706583935	-0.737742927
-1.706699776	-0.738044967
-1.707475761	-0.738109746
-1.707528735	-0.738749974
-1.707672734	-0.740087875
-1.708853658	-0.740143614
-1.710255032	-0.740143731
-1.710282603	-0.740645547
-1.710901419	-0.740774077
-1.714252039	-0.742178976
-1.71717041	-0.743655128
-1.717467037	-0.744252446
-1.722126216	-0.745385008
-1.722205417	-0.745427173
-1.724745303	-0.746325161
-1.726671172	-0.747294186
-1.728136917	-0.747366268
-1.728348964	-0.747593293
-1.73158768	-0.748026588
-1.732635927	-0.748584968
-1.737249034	-0.749421013
-1.737634316	-0.749596353
-1.739736721	-0.750392974
-1.740034053	-0.7511158
-1.742698557	-0.751324159
-1.743694306	-0.751621798
-1.745963325	-0.752840299
-1.754529167	-0.753871747
-1.754617372	-0.754551692
-1.754673771	-0.756217492
-1.754696013	-0.756248031
-1.754716863	-0.756264766
-1.754847596	-0.756280512
-1.759559606	-0.756464665
-1.762771759	-0.756954935
-1.767922265	-0.757366007
-1.771671272	-0.757692012
-1.782794925	-0.757768285
-1.783951309	-0.75921313
-1.784403754	-0.759495976
-1.787242057	-0.75953065
-1.787682335	-0.76040338
-1.788273154	-0.760482232
-1.793157704	-0.761320365
-1.793814322	-0.761747149
-1.794031083	-0.761928021
-1.794862419	-0.763060196
-1.795034253	-0.764068631
-1.797741342	-0.764246465
-1.799512457	-0.764613875
-1.801404165	-0.764823139
-1.802946872	-0.765069545
-1.805891792	-0.76542811
-1.807236265	-0.765759045
-1.808953113	-0.766268862
-1.811220507	-0.766365699
-1.812900836	-0.766451872
-1.814509773	-0.76655316
-1.818525945	-0.766960968
-1.82179992	-0.766965728
-1.828234151	-0.76705603
-1.833551231	-0.767360967
-1.836033964	-0.768427833
-1.836581698	-0.768597019
-1.837125195	-0.768793476
-1.839384563	-0.770326968
-1.840175614	-0.772202069
-1.841155922	-0.772229667
-1.842125945	-0.772846597
-1.84272675	-0.772846732
-1.843340783	-0.772934255
-1.845910144	-0.774289777
-1.846433284	-0.774775337
-1.848504383	-0.775203918
-1.849662059	-0.77525102
-1.851178395	-0.775353846
-1.851448322	-0.77558288
-1.851519409	-0.776605069
-1.854232374	-0.776703324
-1.856214614	-0.777073561
-1.857269854	-0.77773737
-1.860029661	-0.778132681
-1.860603579	-0.778192057
-1.861951309	-0.778515038
-1.864168721	-0.779222587
-1.865075183	-0.780772278
-1.866481033	-0.78189059
-1.867593619	-0.783396337
-1.868327995	-0.783634343
-1.868628709	-0.783920891
-1.868831223	-0.784011546
-1.868884701	-0.78425097
-1.870080074	-0.784312806
-1.87027937	-0.784350589
-1.872004529	-0.784385348
-1.872029317	-0.784602009
-1.872121254	-0.784705718
-1.872750927	-0.785143474
-1.873801998	-0.785338193
-1.874783745	-0.785741903
-1.874969081	-0.785800073
-1.878246717	-0.785964592
-1.888571209	-0.786002973
-1.889601304	-0.786402352
-1.890061783	-0.786488756
-1.894817763	-0.786941408
-1.895376709	-0.787516593
-1.895740409	-0.788074108
-1.900595831	-0.788493379
-1.906656627	-0.789321388
-1.906676555	-0.789722581
-1.906702365	-0.790652681
-1.906890596	-0.790722289
-1.907421877	-0.790726451
-1.907857874	-0.791325098
-1.908277619	-0.792316359
-1.912686887	-0.792352969
-1.913455834	-0.792781064
-1.916363045	-0.792848046
-1.917623459	-0.793442327
-1.921920203	-0.794166752
-1.92259633	-0.794293111
-1.925116308	-0.795206857
-1.925447683	-0.796424107
-1.926050956	-0.79676015
-1.926281163	-0.797314713
-1.927601584	-0.798114104
-1.928746438	-0.79834915
-1.932376579	-0.799119637
-1.932738639	-0.800373
-1.941443828	-0.800448351
-1.942308286	-0.800624997
-1.943337006	-0.801353421
-1.943945435	-0.802203756
-1.944714376	-0.80308677
-1.945707531	-0.803452814
-1.946597385	-0.804560783
-1.947260315	-0.804896227
-1.947338762	-0.805613441
-1.947344564	-0.807934973
-1.961728976	-0.808709212
-1.963239651	-0.808731453
-1.96510498	-0.808733908
-1.966056807	-0.808772294
-1.967244733	-0.808815879
-1.96767406	-0.808911194
-1.96942533	-0.810265251
-1.972659144	-0.811261406
-1.974489473	-0.812685276
-1.975104703	-0.812721643
-1.975448065	-0.813042036
-1.976426027	-0.813600563
-1.977366336	-0.813711655
-1.981752093	-0.814269157
-1.984842452	-0.814372885
-1.986397667	-0.814416733
-1.987784603	-0.814721363
-1.988874603	-0.815008927
-1.990299429	-0.815323044
-1.990613805	-0.816108098
-1.992877975	-0.816187313
-1.992959135	-0.816411422
-1.994042171	-0.81649741
-1.994363987	-0.816753688
-1.995430874	-0.81690812
-2.001941595	-0.817028217
-2.002156963	-0.817151536
-2.004008161	-0.817519888
-2.004218393	-0.817702033
-2.004486122	-0.81788267
-2.01147507	-0.818208028
-2.012397614	-0.818234176
-2.014209641	-0.818332745
-2.017169132	-0.818881083
-2.017595728	-0.820041595
-2.017621378	-0.820131514
-2.017702002	-0.82052597
-2.017932269	-0.821125185
-2.018550162	-0.821164608
-2.019627298	-0.822425289
-2.020324667	-0.825047101
-2.020704328	-0.8256283
-2.020948097	-0.826360488
-2.029615543	-0.826669038
-2.0310183	-0.827122284
-2.03117764	-0.827509313
-2.031601005	-0.827592468
-2.032219519	-0.828486638
-2.034029488	-0.828541389
-2.034970912	-0.829193708
-2.035183972	-0.829501953
-2.035696261	-0.83009041
-2.036453435	-0.830889587
-2.036476001	-0.832486157
-2.037288413	-0.834243751
-2.040418871	-0.83685526
-2.040701771	-0.841072283
-2.040981166	-0.841173927
-2.041713194	-0.841177816
-2.041838439	-0.841367782
-2.044016104	-0.843590408
-2.04427211	-0.844375681
-2.045103838	-0.845011189
-2.04606061	-0.845654869
-2.048846002	-0.846210729
-2.051139272	-0.846276652
-2.052313783	-0.846495067
-2.053459781	-0.847184479
-2.054410028	-0.849382211
-2.058496879	-0.850893907
-2.061012021	-0.851074006
-2.066636489	-0.851518188
-2.066899571	-0.851940379
-2.067653824	-0.852462949
-2.071322173	-0.853132743
-2.076546617	-0.853344015
-2.076627056	-0.854873346
-2.079244379	-0.855808457
-2.080372809	-0.858840758
-2.081383114	-0.859787795
-2.081842385	-0.859834906
-2.083419122	-0.859908927
-2.083584975	-0.861672411
-2.084821127	-0.862715878
-2.086059461	-0.862778056
-2.086355051	-0.863044377
-2.089067203	-0.863179902
-2.092526153	-0.866752121
-2.093686687	-0.866773402
-2.094097181	-0.86751479
-2.095568802	-0.867574789
-2.095654482	-0.867911539
-2.09576334	-0.868686798
-2.098224888	-0.869084462
-2.100285115	-0.869886938
-2.102604377	-0.869998414
-2.103803854	-0.871265447
-2.106344276	-0.871266686
-2.107422947	-0.871270791
-2.107667918	-0.871685143
-2.108283836	-0.871716629
-2.108290319	-0.872869318
-2.108552073	-0.873082721
-2.110040439	-0.873775441
-2.112990273	-0.874318531
-2.115207107	-0.874369949
-2.115207107	-0.876021471
-2.115628222	-0.87629422
-2.117235564	-0.877224813
-2.119440404	-0.878177495
-2.119928314	-0.878383309
-2.121727021	-0.878409662
-2.123828587	-0.87847356
-2.124284792	-0.878852415
-2.125418072	-0.879187397
-2.127005715	-0.879796935
-2.127930851	-0.880105233
-2.128255725	-0.880292478
-2.131243885	-0.881682903
-2.134089316	-0.881802936
-2.134446107	-0.883064272
-2.136538833	-0.885560124
-2.138113982	-0.889109178
-2.142458481	-0.891233695
-2.145009573	-0.891393891
-2.148203688	-0.891755792
-2.149877773	-0.892710706
-2.150385158	-0.893771441
-2.15202718	-0.893774964
-2.152904496	-0.89458475
-2.155787896	-0.894669577
-2.159958745	-0.894893885
-2.161084019	-0.895083048
-2.163196592	-0.895299478
-2.165877521	-0.897733656
-2.168128153	-0.89801195
-2.169408369	-0.898249333
-2.169471395	-0.898434544
-2.169652512	-0.898810222
-2.169697285	-0.898985741
-2.169699225	-0.899080962
-2.169702465	-0.899537106
-2.16970449	-0.899549921
-2.16970449	-0.901524398
-2.169724885	-0.902314147
-2.169745935	-0.902342453
-2.169854724	-0.902882927
-2.169925001	-0.903958167
-2.169925001	-0.904653789
-2.172010681	-0.905314767
-2.1721043	-0.905995149
-2.172119215	-0.906583672
-2.175940254	-0.90749852
-2.176988231	-0.907721653
-2.177139456	-0.908203295
-2.177164261	-0.908332405
-2.177695022	-0.909877279
-2.178866022	-0.911769611
-2.180436835	-0.9128526
-2.181187258	-0.912924375
-2.181646446	-0.915623068
-2.186764229	-0.916038426
-2.187705268	-0.916906635
-2.188597714	-0.918031263
-2.189962396	-0.919791051
-2.19017771	-0.920772546
-2.192450464	-0.921799188
-2.194115906	-0.922058336
-2.194446265	-0.922090276
-2.194729602	-0.924189479
-2.1954148	-0.924839461
-2.195519941	-0.925223355
-2.196818173	-0.925535588
-2.198287249	-0.926040847
-2.200752198	-0.92618538
-2.201544854	-0.92874258
-2.20240552	-0.929190224
-2.205384939	-0.929700781
-2.209301639	-0.929782432
-2.212525673	-0.930011434
-2.213407201	-0.931322966
-2.213827462	-0.931442201
-2.214044882	-0.932527261
-2.214050131	-0.93292117
-2.215549112	-0.933160757
-2.217180512	-0.934148648
-2.218721513	-0.934264224
-2.224012263	-0.934799062
-2.225633002	-0.936280115
-2.226274057	-0.936537665
-2.228605607	-0.936839977
-2.228651412	-0.937914388
-2.228670406	-0.938157324
-2.228691668	-0.942333537
-2.229589321	-0.942588385
-2.232735078	-0.942791631
-2.234471735	-0.943532617
-2.235000773	-0.944229661
-2.239103629	-0.945323804
-2.239286244	-0.94596945
-2.240836463	-0.946234025
-2.242483475	-0.946695786
-2.246079011	-0.947220548
-2.248774275	-0.9483964
-2.253961739	-0.948556554
-2.25941339	-0.948630523
-2.261165702	-0.949158853
-2.269344371	-0.950313297
-2.270306967	-0.951187083
-2.271494112	-0.951187083
-2.27201171	-0.951219427
-2.273571317	-0.95157209
-2.276487005	-0.956229038
-2.276750118	-0.956517334
-2.277453262	-0.956546011
-2.282284325	-0.956546011
-2.282394927	-0.956862591
-2.283726834	-0.957402947
-2.284947532	-0.957597125
-2.288362485	-0.958186244
-2.288955386	-0.958771919
-2.290125274	-0.961143022
-2.290585661	-0.962094814
-2.297790085	-0.962254365
-2.298375477	-0.962619685
-2.301912969	-0.96310987
-2.304010007	-0.963594554
-2.306985903	-0.963720924
-2.306985903	-0.966775279
-2.308105472	-0.967182879
-2.309578133	-0.967771383
-2.309698709	-0.967798231
-2.310318617	-0.967843429
-2.312311607	-0.968808394
-2.314405719	-0.96893681
-2.316139541	-0.969376817
-2.317664321	-0.969897782
-2.320770516	-0.971304724
-2.324739425	-0.972173934
-2.327165987	-0.973119229
-2.328464859	-0.973170286
-2.334978903	-0.975837314
-2.335282387	-0.976922127
-2.338366918	-0.977902667
-2.339508755	-0.978129006
-2.33961414	-0.978485508
-2.339686042	-0.978485508
-2.339713489	-0.978548518
-2.347720543	-0.978608743
-2.348137041	-0.978631335
-2.348988093	-0.978652705
-2.349084716	-0.978654059
-2.354111419	-0.978654655
-2.354253068	-0.978655505
-2.354309636	-0.978658904
-2.357305368	-0.978687822
-2.362279269	-0.978750031
-2.362411776	-0.978911017
-2.363328984	-0.9789663
-2.364678291	-0.979892427
-2.367227065	-0.980492339
-2.369445739	-0.983482122
-2.370731285	-0.984664173
-2.371266622	-0.984941425
-2.376254908	-0.98552209
-2.377481988	-0.987235486
-2.381203502	-0.987802836
-2.381245908	-0.987856044
-2.383659331	-0.989143076
-2.384349526	-0.991702743
-2.384699437	-0.991731072
-2.385456294	-0.991965276
-2.385456294	-0.992044533
-2.389571521	-0.992727396
-2.390397158	-0.993459337
-2.391590258	-0.995446619
-2.392129271	-0.995446619
-2.392591976	-0.996046024
-2.392991737	-0.996091353
-2.393103418	-0.996882389
-2.396051281	-0.997043431
-2.402200581	-0.998312906
-2.402914589	-1.000526575
-2.407463567	-1.001214508
-2.408110726	-1.002029156
-2.41008636	-1.002931626
-2.410749161	-1.004587269
-2.411852174	-1.006084875
-2.41308923	-1.00699561
-2.417103177	-1.007629756
-2.417402574	-1.008204016
-2.417678566	-1.009785041
-2.419056499	-1.009827877
-2.4211863	-1.011789676
-2.421277747	-1.011850768
-2.42206788	-1.013713621
-2.425740541	-1.01380895
-2.427390069	-1.014270464
-2.429747876	-1.014620522
-2.432732695	-1.016042809
-2.432766611	-1.016268217
-2.433893521	-1.016484152
-2.4341967	-1.016691191
-2.436493552	-1.017557637
-2.438050203	-1.017819296
-2.449710713	-1.019388446
-2.449788199	-1.021293314
-2.449828371	-1.022896639
-2.456640426	-1.023069201
-2.456722606	-1.025492499
-2.460607883	-1.025553765
-2.46416795	-1.025961217
-2.465714455	-1.02743835
-2.472358524	-1.027568448
-2.473102238	-1.027572442
-2.475115684	-1.028196807
-2.475660944	-1.028824574
-2.49079579	-1.028916599
-2.49153369	-1.028955799
-2.498027842	-1.029346677
-2.502440285	-1.030692664
-2.507745154	-1.031354545
-2.511570376	-1.032282364
-2.513076176	-1.032287705
-2.513664319	-1.032598041
-2.516897723	-1.032718168
-2.518192185	-1.032842295
-2.523215068	-1.032941809
-2.524585148	-1.032972032
-2.52689513	-1.033017149
-2.527212687	-1.033157267
-2.532627499	-1.0345253
-2.538993752	-1.035118945
-2.539858401	-1.037613766
-2.541596218	-1.038863561
-2.543205343	-1.040040226
-2.547265558	-1.04041694
-2.547431948	-1.04112733
-2.547897111	-1.043770457
-2.548336371	-1.043948664
-2.555765209	-1.044762085
-2.55672882	-1.046558978
-2.559279293	-1.04731433
-2.562530242	-1.047356855
-2.563067707	-1.047542903
-2.568364048	-1.047938315
-2.572337409	-1.05217147
-2.573408177	-1.052685001
-2.574054139	-1.053758853
-2.581178912	-1.056184841
-2.582259136	-1.056638873
-2.584052283	-1.060184875
-2.590981905	-1.061122556
-2.594997266	-1.062174686
-2.597126001	-1.062229231
-2.599490518	-1.065214409
-2.602435269	-1.066979896
-2.610238639	-1.070429793
-2.612042326	-1.071763904
-2.613299502	-1.071992402
-2.617126609	-1.072154319
-2.625385093	-1.074227582
-2.634386232	-1.076740068
-2.639836644	-1.077562186
-2.64022652	-1.079230844
-2.640983441	-1.079760604
-2.641694542	-1.079827256
-2.643709343	-1.08194382
-2.645047753	-1.083132359
-2.646052867	-1.086109892
-2.657663701	-1.086295785
-2.658347787	-1.088253949
-2.658841297	-1.092292358
-2.664107351	-1.093141429
-2.66578768	-1.094037221
-2.669433329	-1.094115535
-2.672318321	-1.095248635
-2.673292815	-1.096009002
-2.673292815	-1.097288008
-2.673393676	-1.098098077
-2.673591033	-1.098268004
-2.679910613	-1.099980881
-2.683982707	-1.10093772
-2.684260797	-1.102415874
-2.686486835	-1.102423471
-2.687970238	-1.102988546
-2.696430383	-1.105980303
-2.698581442	-1.106205126
-2.700669465	-1.107589156
-2.710398154	-1.107653807
-2.715685003	-1.107660205
-2.716198837	-1.107853482
-2.719481844	-1.107978454
-2.722292816	-1.108187544
-2.723336932	-1.109400794
-2.72557674	-1.109866098
-2.725833276	-1.11029134
-2.749294105	-1.111814449
-2.749298652	-1.11325752
-2.751332251	-1.113429066
-2.752121722	-1.113585784
-2.753609564	-1.113666263
-2.754643495	-1.11421663
-2.754666991	-1.116165519
-2.754689315	-1.116224341
-2.755563713	-1.119942234
-2.756690576	-1.12010225
-2.758027411	-1.122574705
-2.762690826	-1.122631612
-2.767405542	-1.123308689
-2.771213983	-1.123532836
-2.772465945	-1.123656188
-2.779929332	-1.125091295
-2.788129866	-1.126627567
-2.789669196	-1.130648157
-2.793308771	-1.132140097
-2.799049828	-1.133796561
-2.807114942	-1.135387162
-2.807149706	-1.136965168
-2.813781191	-1.138133404
-2.820561045	-1.139118866
-2.821773515	-1.141249636
-2.832456817	-1.142160054
-2.836033702	-1.143307883
-2.839668107	-1.143521871
-2.839668107	-1.14543044
-2.84761099	-1.146148565
-2.847842863	-1.146379598
-2.84951121	-1.147464503
-2.84951121	-1.148489571
-2.851537796	-1.148855104
-2.855348235	-1.149282547
-2.856242804	-1.151957139
-2.856624506	-1.157393783
-2.864923357	-1.157975623
-2.866945144	-1.16420809
-2.87036472	-1.164266791
-2.872767279	-1.16454756
-2.876657468	-1.165041425
-2.88182638	-1.165235336
-2.883989078	-1.166744226
-2.884971631	-1.170317582
-2.885359006	-1.171286677
-2.888522534	-1.17129573
-2.893313578	-1.171319082
-2.897647077	-1.171319384
-2.899758375	-1.172414117
-2.901315697	-1.172519509
-2.90736245	-1.175056448
-2.915089741	-1.176282633
-2.919582079	-1.176993129
-2.920305367	-1.18191843
-2.9354255	-1.183363227
-2.935426996	-1.183530139
-2.937317363	-1.184914342
-2.939792451	-1.18718724
-2.939937844	-1.189160276
-2.956162492	-1.189310343
-2.956541309	-1.189631751
-2.963434089	-1.190163815
-2.973213111	-1.191304077
-2.976854663	-1.192879141
-2.976910919	-1.196237809
-2.977005881	-1.197352945
-2.977215415	-1.198591012
-2.978134854	-1.199770614
-2.97819563	-1.201025142
-2.979370263	-1.201112363
-2.980615564	-1.203218343
-2.98251531	-1.204481794
-2.986786889	-1.206089254
-2.992958623	-1.210205852
-2.993702914	-1.210927148
-3.006162739	-1.21130867
-3.006353496	-1.212303376
-3.007802375	-1.212896287
-3.010929239	-1.218476985
-3.014714319	-1.219219021
-3.030687718	-1.219670482
-3.03172759	-1.222154622
-3.039078209	-1.222473862
-3.040601989	-1.222500241
-3.040641294	-1.223900511
-3.044296749	-1.224895652
-3.048719429	-1.228380871
-3.050682956	-1.229965176
-3.05451066	-1.234692474
-3.063591068	-1.235274406
-3.06965184	-1.240912725
-3.07470519	-1.241666028
-3.076089719	-1.241675139
-3.076471978	-1.241738698
-3.076500907	-1.241775286
-3.076558379	-1.241876931
-3.083655915	-1.24471444
-3.083913997	-1.253773779
-3.087392395	-1.254249963
-3.098612185	-1.254516706
-3.116291597	-1.254935575
-3.116899776	-1.258684522
-3.120984578	-1.258778811
-3.127455416	-1.261407567
-3.129614219	-1.26231934
-3.133501715	-1.263562361
-3.151477745	-1.263720685
-3.152453018	-1.264970356
-3.155656446	-1.266233794
-3.168621165	-1.276011002
-3.169623036	-1.280605873
-3.169925001	-1.28149682
-3.172214812	-1.282026677
-3.182612629	-1.28226086
-3.192102659	-1.283873316
-3.19941566	-1.285888481
-3.199417629	-1.290012808
-3.201022298	-1.290090621
-3.202097395	-1.290611652
-3.205525692	-1.293308363
-3.207317101	-1.293377169
-3.209239741	-1.296933582
-3.217289254	-1.299327833
-3.22010061	-1.301940908
-3.222681939	-1.301990736
-3.22304822	-1.30217322
-3.228619782	-1.305940066
-3.238126531	-1.307962824
-3.241412681	-1.309295567
-3.24505801	-1.310357989
-3.253060376	-1.314521881
-3.253696303	-1.31472808
-3.254940449	-1.315636627
-3.255157007	-1.316608981
-3.258259363	-1.319683819
-3.258259363	-1.320687713
-3.25941085	-1.320763729
-3.263418503	-1.323639477
-3.267481756	-1.326579052
-3.274050705	-1.326629079
-3.279303152	-1.326629079
-3.284963031	-1.328655247
-3.288923561	-1.333886718
-3.290768814	-1.335819648
-3.291700075	-1.335911086
-3.292198269	-1.336141954
-3.296794504	-1.34042724
-3.29810644	-1.341165559
-3.314866763	-1.341604285
-3.321707579	-1.342548614
-3.327210279	-1.346019633
-3.332005252	-1.347010637
-3.339557825	-1.347579372
-3.339642077	-1.348772436
-3.341367976	-1.350765703
-3.34420605	-1.3507836
-3.359386446	-1.352019002
-3.376773681	-1.352099571
-3.382709905	-1.353038463
-3.391990036	-1.358358719
-3.404608279	-1.360931842
-3.428605578	-1.366264169
-3.432882222	-1.366703249
-3.47296016	-1.36819585
-3.473106918	-1.36857277
-3.475145693	-1.368592005
-3.478306261	-1.37035107
-3.486103858	-1.374957534
-3.489908763	-1.377221606
-3.491568007	-1.377873019
-3.492139829	-1.379950218
-3.493564903	-1.382254273
-3.500319632	-1.384546772
-3.506777647	-1.388503373
-3.527289735	-1.393832204
-3.534136164	-1.399749749
-3.539515626	-1.402108526
-3.551813057	-1.403843473
-3.554891962	-1.405694376
-3.555264148	-1.412370344
-3.561224881	-1.413650263
-3.561817164	-1.413872311
-3.576417392	-1.416747408
-3.576417392	-1.416910886
-3.576891669	-1.419817318
-3.585267349	-1.421706225
-3.587796982	-1.42225166
-3.588474856	-1.431444001
-3.601661734	-1.432894502
-3.60714023	-1.440250694
-3.608873773	-1.442503842
-3.609015818	-1.44574158
-3.629186501	-1.447739235
-3.631559952	-1.449720084
-3.64267573	-1.464018879
-3.650526591	-1.464065725
-3.715307927	-1.476113285
-3.717162691	-1.483893431
-3.72425387	-1.492129017
-3.72554667	-1.494861599
-3.741964458	-1.497351766
-3.742795321	-1.499629627
-3.748270774	-1.499872009
-3.754423412	-1.50227462
-3.7544484	-1.503300726
-3.75480731	-1.50764604
-3.757671044	-1.519215314
-3.768292849	-1.522243688
-3.783621229	-1.534537998
-3.786720496	-1.53649029
-3.791686482	-1.537226798
-3.816006792	-1.537299718
-3.816075033	-1.537896541
-3.816610958	-1.53811433
-3.820239469	-1.539089764
-3.867757282	-1.548096091
-3.870105596	-1.551753602
-3.892130418	-1.563578611
-3.899962349	-1.563580943
-3.90207784	-1.566489219
-3.902377158	-1.567458935
-3.906119582	-1.570181776
-3.910431796	-1.578739591
-3.918908738	-1.578739591
-3.943184561	-1.588805526
-3.982678809	-1.590262413
-3.984594035	-1.597233772
-4.000305958	-1.599961755
-4.003409615	-1.606701241
-4.015455822	-1.61089929
-4.027729853	-1.613187996
-4.027760212	-1.620258562
-4.042201136	-1.624389951
-4.045092817	-1.633092032
-4.050821882	-1.641022083
-4.051398514	-1.644312209
-4.072529316	-1.656739119
-4.094038317	-1.660671403
-4.105701487	-1.665526393
-4.108465558	-1.669873853
-4.117041423	-1.670291303
-4.145239254	-1.671828233
-4.151165727	-1.673423901
-4.165563428	-1.67607894
-4.16981139	-1.691221762
-4.214483417	-1.691468402
-4.225377902	-1.705187289
-4.240215812	-1.734487654
-4.241470114	-1.737165912
-4.25235674	-1.739025418
-4.282431198	-1.740394949
-4.299059503	-1.750433817
-4.302633172	-1.761419805
-4.305799328	-1.771751883
-4.332007879	-1.786044264
-4.339530674	-1.791984244
-4.339659901	-1.801805654
-4.363412077	-1.837806391
-4.365228213	-1.841125395
-4.381321729	-1.853409002
-4.392564079	-1.854448997
-4.400073229	-1.866128421
-4.415630591	-1.87317699
-4.439492502	-1.877174915
-4.440365264	-1.902007221
-4.443523621	-1.903448659
-4.490505413	-1.907398907
-4.495936289	-1.936286542
-4.513333358	-1.940639295
-4.52018565	-1.96458357
-4.533612968	-1.978239481
-4.580583557	-1.978319976
-4.663691581	-1.978672503
-4.667266798	-1.978982219
-4.692865552	-1.979047629
-4.751938819	-1.979770675
-4.770449131	-1.987926979
-4.805698999	-1.997550427
-4.872346977	-1.99804299
-4.874633474	-2.00269031
-4.930405882	-2.005418801
-4.955038749	-2.01716473
-4.98568349	-2.080820369
-5.029317094	-2.095595179
-5.038317368	-2.110235881
-5.049108221	-2.132142361
-5.05312768	-2.134832172
-5.066719939	-2.159219591
-5.15146515	-2.159219591
-5.2101683	-2.179378736
-5.258663745	-2.212596205
-5.26340222	-2.258521913
-5.303497291	-2.268028595
-5.312920761	-2.298591445
-5.578253669	-2.302232294
-5.607110432	-2.309469587
-5.69345874	-2.393737359
-5.942338243	-2.446238156
-6.737429636	-2.591529545
-6.758332753	-2.637601107
-6.964138379	-2.651650957
-7.303424546	-2.978750891
-7.504663319	-3.09844254
NA	-3.201863608
NA	-3.577980128
NA	-3.636035879
NA	-4.890630828
NA	-5.369002361
NA	-5.50258597
NA	-5.510309701
NA	-5.685123902
NA	-5.687264343